"TIME","RPM","BaroPressure","BoostPressureDesired","BoostPressureActual","BoostFrequencyValveDutyCycle","MassAirFlow","IntakeAirTemperature","AcceleratorPedalPosition","ThrottlePlateAngle","IgnitionRetardCyl1","IgnitionRetardCyl2","IgnitionRetardCyl3","IgnitionRetardCyl4","IgnitionRetardCyl5","IgnitionRetardCyl6","IgnitionTimingAngleOverall","KnockVoltCyl1","KnockVoltCyl2","KnockVoltCyl3","KnockVoltCyl4","KnockVoltCyl5","KnockVoltCyl6","VehicleSpeed","Gear","AirFuelRatioDesired","FuelInjectorOnTime","EGTbank1","EGTbank2","EGTbank1OXS","EGTbank2OXS","OXSVoltS1B1","OXSVoltS1B2","EngineLoadSpecified","EngineLoadCorrectedSpecified","EngineLoadDesired","EngineLoad"
"80","2614.5","993.75","993.4765625","1037.578125","0","8.8257421875","79.25","0","5.88235294117647","0","0","0","0","0","0","-4.5","2.574","3.744","2.574","2.418","3.432","1.794","37.6754829895641","3","1.046875","1.51671875","1733.6328125","1733.59765625","465","465","0","0","202.725563909774","196.123120300752","11.8421052631579","11.4896616541353"
"150","2613","993.75","993.4765625","1037.578125","0","8.85349609375","79.25","0","5.88235294117647","0","0","0","0","0","0","-4.5","2.574","3.744","2.574","2.418","3.432","1.794","37.5444125037094","3","1.046875","1.51140625","1733.6328125","1733.59765625","460","460","0","0","202.537593984962","195.982142857143","11.8421052631579","11.5366541353383"
"220","2608.75","992.5","993.4765625","1037.578125","0","8.7147265625","79.25","0","5.88235294117647","0","0","0","0","0","0","-4.5","2.73","3.432","2.652","2.418","3.588","1.638","37.5444125037094","3","1.046875","1.50875","1733.6328125","1733.59765625","460","460","0",".005","202.467105263158","195.93515037594","11.8421052631579","11.5131578947368"
"290","2598","993.75","993.4765625","1037.578125","0","8.548203125","79.25","0","5.88235294117647","0","0","0","0","0","0","-4.5","2.886","3.432","2.574","2.262","3.432","1.56","37.4424687924891","3","1.046875","1.51140625","1733.6328125","1733.59765625","460","460","0","0","202.34962406015","195.841165413534","11.8421052631579","11.4426691729323"
"360","2594.25","993.75","993.4765625","1037.578125","0","8.7147265625","79.25","0","5.88235294117647","0","0","0","0","0","0","-4.5","3.042","2.964","2.574","2.106","3.432","1.482","37.3065438441953","3","1.046875","1.51140625","1733.6328125","1733.59765625","460","460","0",".005","202.302631578947","195.794172932331","11.8421052631579","11.6776315789474"
"430","2577.75","993.75","993.4765625","1035.1171875","0","8.7147265625","79.25","0","5.88235294117647","0","0","0","0","0","0","-4.5","3.042","2.964","2.574","2.106","3.432","1.482","37.2725626071219","3","1.046875","1.5565625","1733.6328125","1733.59765625","460","460","0","0","202.255639097744","195.770676691729","11.8421052631579","11.8656015037594"
"501","2582.5","993.75","993.4765625","1037.1875","0","8.74248046875","79.25","0","5.88235294117647","0","0","0","0","0","0","-4.5","2.886","2.964","2.418","2.106","3.12","1.482","37.0832385719984","3","1.046875","1.52203125","1733.6328125","1733.59765625","460","460","0","0","202.091165413534","195.62969924812","11.8421052631579","11.7246240601504"
"571","2569","993.75","993.4765625","1037.4609375","0","8.52044921875","79.25","0","5.88235294117647","0","0","0","0","0","0","-4.5","2.652","2.652","2.418","2.106","3.12","1.638","37.049257334925","3","1.046875","1.51140625","1733.6328125","1733.59765625","460","460","0","0","202.044172932331","195.606203007519","11.8421052631579","11.6071428571429"
"641","2568.25","993.75","993.4765625","1035.5859375","0","8.7147265625","79.25","0","5.88235294117647","0","0","0","0","0","0","-4.5","2.652","2.652","2.418","2.106","3.12","1.638","36.9473136237047","3","1.046875","1.53796875","1733.6328125","1733.59765625","460","460","0","0","202.020676691729","195.582706766917","11.8421052631579","11.5601503759399"
"711","2559","993.75","993.515625","1035.9765625","0","8.79798828125","79.25","0","5.88235294117647","0","0","0","0","0","0","-4.5","2.496","2.964","2.262","1.95","3.432","1.638","36.8453699124844","3","1.046875","1.5459375","1733.6328125","1733.59765625","460","460","0","0","201.832706766917","195.441729323308","11.8421052631579","11.7481203007519"
"781","2552.75","993.75","993.515625","1035.234375","0","8.7147265625","79.25","0","5.88235294117647","0","0","0","0","0","0","-4.5","2.496","3.276","2.184","2.028","3.432","1.638","36.7968252880938","3","1.046875","1.55125","1733.6328125","1733.59765625","455","455","0",".005","201.832706766917","195.441729323308","11.8421052631579","11.7011278195489"
"851","2546.25","993.75","993.515625","1035","0","8.35392578125","79.25","9.35225452048524","5.88235294117647","0","0","0","0","0","0","-2.25","2.496","3.276","2.184","2.028","3.432","1.638","36.6414824900437","3",".999755859375","1.95765625","1733.6328125","1733.59765625","455","455","0","0","201.597744360902","195.277255639098","11.8421052631579","11.6541353383459"
"921","2583.75","993.75","993.515625","1031.71875","0","9.658359375","79.25","30.7545586327916","9.41176470588235","0","0","0","0","0","0","7.5","2.652","3.276","2.184","2.028","3.432","1.56","36.6269191027266","3",".999755859375","2.24453125","1733.6328125","1733.59765625","455","455","0","0","201.832706766917","195.46522556391","46.8984962406015","12.1475563909774"
"991","2643.75","993.75","993.515625","1000.9765625","0","53.95359375","79.25","45.5039291981384","28.2352941176471","0","0","0","0","0","0","6.75","2.652","3.12","2.184","2.028","3.432","1.56","36.5686655534578","3",".999755859375","5.7321875","1733.6328125","1733.59765625","455","455",".01",".005","202.984022556391","196.311090225564","66.2593984962406","35.3853383458647"
"1061","2638.75","995","1201.71875","1011.171875","3.52941176470588","42.15818359375","79.25","66.1875333791104","36.8627450980392","0","0","0","0","0","0","15","2.496","3.12","2.34","2.106","3.9","1.56","36.6414824900437","3",".999755859375","5.86234375","1733.6328125","1733.59765625","455","455",".09",".04","203.524436090226","196.710526315789","89.3092105263158","54.7227443609023"
"1131","2554.25","995","1570.546875","1037.109375","54.9019607843137","46.1269921875","79.25","74.4609750514992","36.8627450980392","0","0","0","0","0","0","22.5","2.496","3.12","2.34","2.106","3.9","1.56","36.8453699124844","3",".927978515625","6.236875","1733.6328125","1733.59765625","455","455",".75",".575","202.326127819549","195.817669172932","118.515037593985","56.6729323308271"
"1202","2626.5","993.75","2277.265625","1057.890625","95.2941176470588","46.84859375","80.6","82.734416723888","63.921568627451","0","0","0","0","0","0","22.5","2.652","3.432","2.574","2.34","3.588","1.716","36.7240083515078","3",".900146484375","6.2103125","1733.6328125","1733.59765625","455","455",".745",".745","202.702067669173","196.09962406015","182.471804511278","56.4614661654135"
"1272","2586.75","993.75","2441.5234375","1084.921875","95.2941176470588","48.18078125","80.6","98.5626001373312","81.9607843137255","0","0","0","0","0","0","21.75","2.574","3.588","2.964","3.354","3.588","1.872","36.9278957739484","3",".900146484375","6.4759375","1733.6328125","1733.59765625","455","455",".735",".785","202.514097744361","195.93515037594","195.93515037594","59.187030075188"
"1342","2625.25","993.75","2434.0625","1115.234375","95.2941176470588","51.73328125","80.6","100","81.5686274509804","0","0","0","0","0","0","21.75","2.574","3.588","2.964","3.354","3.588","1.872","36.9812948607781","3",".9501953125","6.19171875","1733.6328125","1733.59765625","460","460",".735",".785","202.772556390977","196.522556390977","195.817669172932","60.2208646616541"
"1412","2632.5","993.75","2435.1171875","1147.9296875","95.2941176470588","54.508671875","80.6","100","80.7843137254902","0","0","0","0","0","0","22.5","2.418","4.056","3.51","2.886","3.744","2.34","37.1026564217547","3",".999755859375","6.18109375","1733.6328125","1733.59765625","460","460",".395",".71","202.890037593985","196.640037593985","196.640037593985","62.640977443609"
"1482","2684","992.5","2428.75","1185.234375","95.2941176470588","57.6726171875","80.6","100","81.5686274509804","0","0","0","0","0","0","21.75","2.418","3.9","3.354","3.12","3.9","2.652","37.2628536822438","3",".999755859375","6.4971875","1733.6328125","1733.59765625","460","460",".065",".25","203.195488721805","196.851503759398","196.851503759398","66.4238721804511"
"1552","2716.5","992.5","2419.6484375","1226.171875","95.2941176470588","61.4471484375","80.6","100","81.9607843137255","0","0","0","0","0","0","21.75","2.418","3.9","3.354","3.12","3.9","2.652","37.5541214285875","3",".999755859375","6.8371875","1733.6328125","1733.59765625","460","460",".055",".09","203.829887218045","197.321428571429","197.321428571429","69.1024436090226"
"1622","2733.75","993.75","2408.90625","1269.0234375","95.2941176470588","66.63712890625","79.25","100","81.9607843137255","0","0","0","0","0","0","20.25","3.12","3.9","3.588","3.12","4.368","2.652","37.8405347124922","3",".999755859375","7.1984375","1733.6328125","1733.59765625","460","460",".075",".115","204.158834586466","197.579887218045","197.579887218045","74.0366541353384"
"1692","2739.5","993.75","2404.453125","1316.9921875","95.2941176470588","69.02396484375","79.25","100","83.1372549019608","0","0","0","0","0","0","19.5","3.12","3.9","4.524","3.432","4.368","2.886","38.1997649329828","3",".999755859375","7.39234375","1733.6328125","1733.59765625","460","460",".08",".44","204.252819548872","197.65037593985","197.603383458647","77.7725563909774"
"1762","2758","993.75","2391.5234375","1371.640625","95.2941176470588","74.269453125","79.25","100","82.7450980392157","0","0","0","0","0","0","18.75","3.276","4.524","4.992","3.432","5.148","2.652","38.3987978929844","3",".999755859375","7.830625","1733.6328125","1733.59765625","465","465",".065",".655","204.37030075188","197.34492481203","197.34492481203","81.2734962406015"
"1832","2811","993.75","2391.25","1425.703125","95.2941176470588","78.23826171875","79.25","100","82.7450980392157","0","0","0","0","0","2.25","15.75","3.276","4.524","4.992","3.432","5.148","2.652","38.7725915007922","3",".999755859375","8.1546875","1733.6328125","1733.59765625","465","465",".155",".665","204.934210526316","197.791353383459","197.791353383459","84.9154135338346"
"1903","2831.25","993.75","2380.5859375","1490.1953125","95.2941176470588","83.78904296875","79.25","100","83.5294117647059","0","0","0","0","0","2.25","17.25","3.432","4.992","5.148","3.588","4.992","2.808","39.0347324725016","3",".999755859375","8.4734375","1733.6328125","1733.59765625","465","465",".19",".145","205.357142857143","198.096804511278","197.908834586466","89.2387218045113"
"1973","2864.5","993.75","2374.921875","1553.125","95.2941176470588","88.34068359375","79.25","100","83.921568627451","0","0","0","0","0","2.25","17.25","3.666","4.68","5.46","3.666","5.304","2.964","39.4327983925047","3",".999755859375","8.6646875","1733.6328125","1733.59765625","475","475",".135",".075","205.756578947368","198.378759398496","198.378759398496","93.890977443609"
"2043","2881.75","993.75","2347.265625","1623.0078125","95.2941176470588","92.89232421875","79.25","100","84.3137254901961","0","4.5","0","0","0","2.25","14.25","3.666","4.68","5.46","3.666","5.304","2.964","39.8551366247031","3",".999755859375","8.80546875","1733.6328125","1733.59765625","475","475",".68",".085","206.203007518797","198.75469924812","198.637218045113","98.7781954887218"
"2113","2926.25","993.75","2315.7421875","1701.1328125","95.2941176470588","101.49603515625","79.25","100","84.7058823529412","0","4.5","3","0","0","2.25","15","3.9","5.148","5.928","3.666","5.616","3.198","40.3066016315359","3",".999755859375","9.45625","1733.6328125","1733.59765625","475","475",".145",".095","206.602443609023","198.989661654135","198.989661654135","103.829887218045"
"2183","2979.25","993.75","2297.421875","1779.1015625","95.2941176470588","106.0754296875","79.25","100","84.7058823529412","6.75","5.25","9","3.75","4.5","5.25","7.5","4.212","5.148","5.928","3.588","5.772","3.354","40.622141690075","3",".999755859375","10.00875","1733.6328125","1733.59765625","480","485",".09",".08","206.743421052632","199.107142857143","199.107142857143","107.847744360902"
"2253","3001","993.75","2285.78125","1873.203125","66.6666666666667","113.81876953125","79.25","100","86.2745098039216","6.75","5.25","9","3.75","4.5","5.25","7.5","4.212","5.148","5.928","3.588","5.772","3.354","41.2046771827625","3",".999755859375","10.550625","1733.6328125","1733.59765625","480","485",".725",".695","207.65977443609","199.788533834586","199.788533834586","114.614661654135"
"2323","3026.5","993.75","2273.984375","1984.921875","61.9607843137255","119.5083203125","79.25","100","85.8823529411765","6.75","5.25","9","3.75","4.5","5.25","6.75","4.368","7.644","6.708","3.9","5.928","4.368","41.5493440159359","3",".997314453125","11.07921875","1733.6328125","1733.59765625","480","485",".71",".675","207.49530075188","199.671052631579","199.671052631579","119.384398496241"
"2393","3066","993.75","2281.0546875","2088.90625","58.4313725490196","131.63677734375","79.25","100","85.8823529411765","6.75","5.25","9","3.75","4.5","5.25","2.25","4.992","7.332","7.176","4.368","6.864","4.992","42.0105179476469","3",".9931640625","11.68484375","1733.6328125","1733.59765625","495","495",".725",".585","207.824248120301","200.070488721805","200.070488721805","125.963345864662"
"2463","3090.5","993.75","2277.5","2163.8671875","61.5686274509804","132.8301953125","79.25","100","87.4509803921569","8.25","6.75","9.75","4.5","6.75","5.25","3.75","4.992","7.332","7.176","4.368","6.864","4.992","42.4959641915531","3",".9931640625","12.186875","1733.6328125","1733.59765625","495","495",".715",".145","207.824248120301","199.436090225564","199.436090225564","131.71992481203"
"2533","3174.25","993.75","2265.078125","2239.765625","61.9607843137255","137.46509765625","79.25","100","87.0588235294118","8.25","6.75","9.75","4.5","6.75","5.25","3","5.304","7.488","8.736","5.928","6.552","5.148","42.9619925857031","3",".983642578125","12.65703125","1733.6328125","1733.59765625","495","495",".735",".715","207.824248120301","197.438909774436","197.438909774436","136.09022556391"
"2604","3187.25","993.75","2245.7421875","2282.0703125","66.2745098039216","134.13462890625","79.25","100","88.2352941176471","7.5","6.75","9.75","4.5","6.75","5.25","3.75","5.148","7.8","7.488","7.332","7.02","4.68","43.6367628647328","3",".953125","13.355625","1733.6328125","1733.59765625","510","510",".755",".785","207.824248120301","195.206766917293","195.206766917293","139.920112781955"
"2674","3250.25","993.75","2224.296875","2299.21875","67.843137254902","132.8301953125","79.25","100","88.6274509803922","7.5","6.75","9.75","4.5","6.75","5.25","-.75","5.772","8.424","8.424","7.644","9.36","6.24","44.1416269583953","3",".953125","13.24140625","1733.6328125","1733.59765625","510","510",".79",".8","207.824248120301","192.833646616541","192.833646616541","139.520676691729"
"2744","3267.5","993.75","2219.8828125","2297.8125","67.4509803921569","136.13291015625","79.25","100","89.4117647058824","7.5","6.75","9.75","4.5","6.75","5.25","-1.5","5.772","8.424","8.424","7.644","9.36","6.24","44.7824160003516","3",".9453125","13.6371875","1733.6328125","1733.59765625","525","525",".805",".805","207.824248120301","192.316729323308","192.316729323308","142.528195488722"
"2814","3337.25","993.75","2216.25","2281.71875","67.0588235294118","138.46423828125","79.25","100","89.8039215686275","7.5","6.75","9.75","4.5","6.75","5.25","-1.5","5.772","10.296","9.048","8.424","11.544","5.304","45.3261157935266","3",".953125","13.69828125","1733.6328125","1733.59765625","525","525",".81",".815","207.824248120301","191.494360902256","191.87030075188","143.632518796992"
"2884","3362","993.75","2201.9921875","2274.4921875","66.6666666666667","138.02017578125","79.25","100","90.5882352941177","7.5","6.75","9.75","4.5","6.75","5.25","3.75","6.24","9.36","9.048","8.112","10.92","6.708","46.0397217720688","3",".953125","13.78328125","1733.6328125","1733.59765625","525","525",".82",".815","207.824248120301","190.906954887218","190.906954887218","143.703007518797"
"2954","3421.75","993.75","2198.75","2256.2890625","66.6666666666667","137.88140625","79.25","100","91.7647058823529","7.5","6.75","9.75","4.5","6.75","5.25","3.75","6.24","9.36","9.048","8.112","10.92","6.708","46.5445858657313","3",".9375","13.71421875","1733.6328125","1733.59765625","540","540",".825",".82","207.824248120301","190.671992481203","190.484022556391","141.846804511278"
"3024","3449.75","993.75","2196.875","2246.328125","66.6666666666667","142.433046875","77.9","100","91.3725490196078","7.5","6.75","9.75","4.5","6.75","5.25","3.75","6.552","8.424","10.296","8.424","13.416","7.488","47.2970275437859","3",".953125","13.4725","1733.66796875","1733.59765625","540","540",".82",".825","207.824248120301","190.15507518797","190.15507518797","142.03477443609"
"3094","3504.25","993.75","2200.15625","2238.4375","66.6666666666667","141.85021484375","77.9","100","92.156862745098","7.5","6.75","9.75","3.75","6.75","5.25","-1.5","6.24","9.048","8.736","8.736","13.416","8.424","47.8358728745219","3",".9375","13.62390625","1733.6328125","1733.59765625","540","540",".82",".82","207.824248120301","190.31954887218","190.31954887218","141.329887218045"
"3164","3547.25","993.75","2197.3046875","2227.03125","67.0588235294118","145.43046875","77.9","100","93.3333333333333","7.5","6.75","9.75","3.75","6","5.25","-.75","6.24","9.048","8.736","8.736","13.416","8.424","48.5883145525766","3",".9375","13.685","1733.6328125","1733.59765625","555","555",".82",".82","207.824248120301","190.31954887218","190.31954887218","142.03477443609"
"3234","3605.25","993.75","2206.6015625","2227.5390625","67.0588235294118","144.34806640625","77.9","100","92.9411764705882","7.5","6.75","9.75","3.75","6","5.25","3.75","6.396","9.984","10.296","9.36","13.728","9.36","49.1562866579469","3",".9375","13.44859375","1733.6328125","1733.59765625","555","555",".82",".825","207.824248120301","191.071428571429","191.071428571429","140.554511278195"
"3305","3647.75","993.75","2208.359375","2221.25","67.4509803921569","147.5952734375","76.55","100","94.1176470588235","7.5","6.75","9.75","3.75","6","5.25","3.75","6.24","12.792","10.608","9.672","13.104","10.608","49.8796015613672","3",".9375","13.50703125","1733.6328125","1733.59765625","555","555",".815",".82","207.824248120301","191.141917293233","191.141917293233","141.212406015038"
"3375","3687.75","993.75","2210.6640625","2227.5","67.843137254902","149.34376953125","76.55","100","95.2941176470588","7.5","6.75","9.75","3.75","6","5.25","3","6.084","16.224","10.296","8.424","11.232","9.36","50.3650478052734","3",".9375","13.33703125","1733.6328125","1733.59765625","570","570",".815",".815","207.824248120301","191.165413533835","191.165413533835","140.789473684211"
"3445","3715.5","993.75","2226.171875","2225.8984375","68.2352941176471","151.758359375","76.55","100","95.2941176470588","7.5","6.75","9.75","3.75","6","5.25","3.75","6.084","16.224","10.296","8.424","11.232","9.36","50.9767100725953","3",".9375","13.3290625","1733.6328125","1733.59765625","570","570",".805",".815","207.824248120301","191.329887218045","191.329887218045","141.40037593985"
"3515","3778.75","993.75","2230.4296875","2237.421875","68.2352941176471","157.78095703125","76.55","100","96.078431372549","7.5","6.75","9.75","3.75","6","5.25","6","5.928","13.728","11.856","11.856","11.232","10.92","51.4621563165016","3",".9453125","13.1484375","1733.6328125","1733.59765625","570","570",".815",".81","207.824248120301","191.56484962406","191.56484962406","141.56484962406"
"3585","3814.25","993.75","2235.7421875","2251.8359375","68.6274509803922","157.78095703125","76.55","100","96.8627450980392","4.5","6.75","7.5","6","9.75","3","3","6.864","12.48","11.232","10.296","12.168","9.672","52.1272176706531","3",".9453125","13.29984375","1733.6328125","1733.59765625","585","585",".81",".81","207.824248120301","191.799812030075","191.799812030075","141.611842105263"
"3655","3865.25","993.75","2236.328125","2241.1328125","69.0196078431373","159.05763671875","76.55","100","98.0392156862745","4.5","6.75","7.5","6","9.75","2.25","3.75","6.864","12.48","11.232","10.296","12.168","9.672","52.6320817643156","3",".921875","13.801875","1733.6328125","1733.59765625","585","585",".815",".81","207.824248120301","192.03477443609","191.799812030075","143.068609022556"
"3725","3904.5","993.75","2243.828125","2254.4140625","69.4117647058824","157.78095703125","76.55","100","97.6470588235294","4.5","6.75","7.5","6","9.75","2.25","0","7.176","16.848","11.544","11.856","12.168","11.856","53.3505422052969","3",".898193359375","13.993125","1733.6328125","1733.59765625","585","585",".815",".825","207.824248120301","192.105263157895","192.105263157895","140.742481203008"
"3795","3956","993.75","2256.40625","2250","69.0196078431373","158.197265625","77.9","100","98.4313725490196","4.5","6.75","7.5","6","9.75","2.25","4.5","7.488","14.976","14.352","11.232","13.416","9.672","53.9427866228625","3",".898193359375","13.88953125","1733.6328125","1733.59765625","595","600",".835",".835","207.824248120301","192.246240601504","192.246240601504","140.249060150376"
"3865","3992","993.75","2269.4921875","2230.7421875","70.5882352941177","154.866796875","77.9","100","100","4.5","6.75","7.5","6","9.75","5.25","5.25","7.488","14.976","14.352","11.232","13.416","9.672","54.6661015262828","3",".9375","13.079375","1733.6328125","1733.59765625","595","600",".84",".84","207.824248120301","192.50469924812","192.50469924812","138.016917293233"
"3935","4036.5","993.75","2259.609375","2220.703125","70.9803921568627","154.644765625","77.9","100","100","4.5","6","7.5","6","9.75","5.25","1.5","9.672","18.096","14.352","11.232","14.352","11.856","55.1564022326281","3",".953125","12.44984375","1733.6328125","1733.59765625","595","600",".835",".83","207.824248120301","192.716165413534","192.716165413534","135.244360902256"
"4006","4060","993.75","2263.046875","2225.8203125","71.3725490196078","156.94833984375","77.9","100","100","4.5","6","7.5","6","9.75","5.25","4.5","10.92","16.848","16.224","12.792","17.472","10.92","55.8505903614141","3",".9453125","12.3728125","1733.6328125","1733.59765625","610","610",".825",".81","207.824248120301","193.021616541353","192.97462406015","133.787593984962"
"4076","4118","995","2263.7890625","2214.0625","71.7647058823529","163.99783203125","77.9","100","100","4.5","6","7.5","6","9.75","5.25","4.5","10.608","14.976","13.104","11.232","14.352","10.92","56.3748723048328","3",".9453125","12.43390625","1733.6328125","1733.59765625","610","610",".82",".8","207.824248120301","193.209586466165","193.209586466165","135.714285714286"
"4146","4153.25","995","2262.734375","2222.5390625","72.156862745098","164.21986328125","77.9","100","100","4.5","6","7.5","6","9.75","5.25","4.5","10.608","14.976","13.104","11.232","14.352","10.92","57.1273139828875","3",".9453125","12.56140625","1733.6328125","1733.59765625","625","625",".82",".805","207.824248120301","193.28007518797","193.28007518797","134.774436090226"
"4216","4198","993.75","2264.4140625","2228.671875","72.156862745098","167.71685546875","77.9","100","100","4.5","6","7.5","6","9.75","5.25","4.5","10.92","18.72","12.48","13.104","12.48","10.608","57.6515959263063","3",".9375","12.760625","1733.6328125","1733.59765625","625","625",".82",".805","207.824248120301","193.491541353383","193.491541353383","135.949248120301"
"4286","4233","993.75","2264.375","2242.890625","72.156862745098","170.21470703125","77.9","100","100","4.5","6","7.5","6","9.75","5.25",".75","10.608","14.976","14.352","11.544","13.104","12.792","58.2681126560672","3",".9375","12.8775","1733.6328125","1733.59765625","625","625",".82",".81","207.824248120301","193.585526315789","193.585526315789","137.218045112782"
"4356","4287.5","993.75","2265.3515625","2266.6015625","71.7647058823529","169.6873828125","79.25","100","100","4.5","6","6.75","6","9.75","5.25","3.75","10.608","14.976","14.352","11.544","13.104","12.792","58.9477373975359","3",".9375","12.973125","1733.6328125","1733.59765625","640","640",".825",".81","207.824248120301","193.796992481203","193.796992481203","136.489661654135"
"4426","4329","993.75","2267.3046875","2267.578125","71.3725490196078","175.737734375","79.25","100","100","4.5","6","6.75","6","9.75","5.25","6","11.544","19.968","17.472","14.352","14.352","11.232","59.4671648785156","3",".929443359375","13.2121875","1733.6328125","1733.59765625","640","640",".82",".815","207.824248120301","194.125939849624","194.125939849624","138.43984962406"
"4496","4382","993.75","2267.3828125","2276.328125","71.3725490196078","174.9051171875","79.25","100","100","4.5","6","6.75","6","9.75","5.25","4.5","10.608","16.224","16.848","19.344","14.352","10.92","60.1662074697406","3",".929443359375","13.3078125","1733.6328125","1733.59765625","640","640",".825",".82","207.824248120301","194.21992481203","194.21992481203","138.016917293233"
"4566","4411.75","993.75","2266.9921875","2281.6796875","70.9803921568627","178.6796484375","79.25","100","100","3.75","6","6.75","6","9.75","5.25","3.75","10.608","16.224","16.848","19.344","14.352","10.92","60.7244706502328","3",".9375","13.1909375","1733.6328125","1733.59765625","655","655",".825",".825","207.824248120301","194.454887218045","194.290413533835","138.933270676692"
"4636","4445.75","992.5","2267.4609375","2287.65625","70.5882352941177","179.1237109375","79.25","78.9578088044556","100","3.75","6","6.75","6","9.75","5.25","5.25","11.232","16.848","16.224","14.976","14.976","11.232","61.2875882931641","3",".929443359375","13.38484375","1733.6328125","1733.59765625","655","655",".825",".815","207.824248120301","194.52537593985","194.454887218045","139.168233082707"
"4707","4449.5","992.5","993.5546875","2191.2109375","0","114.09630859375","79.25","0","77.2549019607843","3.75","6","6.75","6","9.75","5.25","-3.75","9.984","19.344","15.6","13.728","14.352","11.232","61.9526496473156","3",".929443359375","7.14","1733.6328125","1733.59765625","655","655",".835",".825","207.824248120301","194.713345864662","59.9859022556391","127.913533834586"
"4777","4441.75","992.5","993.5546875","2102.8125","0","81.51322265625","79.25","0","16.4705882352941","3.75","6","6.75","6","9.75","5.25","-1.5","9.984","19.344","15.6","13.728","14.352","11.232","62.4914949780516","3",".921630859375","6.109375","1733.6328125","1733.59765625","655","655",".805",".3","207.824248120301","194.431390977444","38.1813909774436","89.2622180451128"
"4847","4363.5","992.5","993.5546875","2023.4375","0","15.0426171875","80.6","0","10.5882352941176","0","6","6.75","6","0","5.25","-8.25","9.048","14.352","10.608","9.984","11.232","8.736","62.7779082619563","3",".98291015625",".9828125","1733.6328125","1733.59765625","655","655",".855",".86","207.824248120301","194.337406015038","11.8421052631579","42.9746240601504"
"4917","4314","992.5","993.5546875","1797.5390625","0","7.5490625","79.25","0","3.52941176470588","0","0","0","0","0","0","1.5","6.864","9.984","8.424","7.176","7.8","6.864","63.1565563322031","3",".98291015625","1.9496875","1733.6328125","1733.59765625","655","655",".025",".03","207.824248120301","194.172932330827","11.8421052631579","28.7828947368421"
"4987","4188","992.5","993.5546875","1585.625","0","7.79884765625","79.25","0","3.92156862745098","0","0","0","0","0","0","2.25","6.864","9.984","8.424","7.176","7.8","6.864","63.2876268180578","3",".986328125","2.18875","1733.6328125","1733.59765625","620","620",".05",".035","207.824248120301","199.271616541353","11.8421052631579","29.6522556390977"
"5057","4041.25","993.75","993.5546875","1441.71875","0","4.80142578125","77.9","0","4.31372549019608","0","0","0","0","0","0","3.75","5.616","7.488","7.176","6.24","7.488","5.928","63.5303499400109","3",".989013671875","1.76640625","1733.6328125","1733.59765625","620","620",".775",".055","207.824248120301","202.044172932331","11.8421052631579","22.7443609022556"
"5127","3926","993.75","993.5546875","1360.1953125","0","5.217734375","76.55","0","4.31372549019608","0","0","0","0","0","0","4.5","4.992","6.24","6.24","5.304","7.176","5.616","63.6371481136703","3",".989013671875","1.5565625","1733.6328125","1733.59765625","620","620",".74",".71","207.824248120301","204.135338345865","11.8421052631579","17.0582706766917"
"5197","3812.75","993.75","993.5546875","1295.9375","0","3.80228515625","76.55","0","4.70588235294118","0","0","0","0","0","0","4.5","4.992","6.24","6.24","5.304","7.176","5.616","63.6856927380609","4",".9912109375","1.3015625","1733.6328125","1733.59765625","605","605",".715",".765","207.824248120301","202.913533834586","11.8421052631579","12.6174812030075"
"5267","3701.25","993.75","993.5546875","1253.515625","0","2.58111328125","76.55","0","4.70588235294118","0","0","0","0","0","0","4.5","4.368","6.552","5.304","5.616","5.928","4.992","63.6371481136703","4",".992919921875","1.12625","1733.6328125","1733.59765625","605","605",".76",".76","207.824248120301","202.561090225564","11.8421052631579","9.25751879699248"
"5337","3582.75","993.75","993.5546875","1215.546875","0","4.107578125","76.55","0","4.70588235294118","0","0","0","0","0","0","4.5","4.524","5.616","4.68","4.68","4.992","4.368","63.5497677897672","4",".994140625","1.21921875","1733.6328125","1733.59765625","605","605",".8",".755","207.824248120301","202.208646616541","11.8421052631579","8.78759398496241"
"5408","3457","993.75","993.5546875","1188.828125","0","5.7173046875","76.55","0","4.70588235294118","0","0","0","0","0","0","3","4.524","5.616","4.68","4.68","4.992","4.368","63.2585000434234","4",".994140625","1.3440625","1733.6328125","1733.59765625","595","595",".745",".735","207.824248120301","201.362781954887","11.8421052631579","8.81109022556391"
"5478","3341","993.75","993.5546875","1166.5234375","0","6.8274609375","76.55","0","4.70588235294118","0","0","0","0","0","0","1.5","4.212","5.616","4.524","3.744","4.836","3.9","63.0351947712266","4",".995361328125","1.4184375","1733.6328125","1733.59765625","595","595",".745",".625","207.824248120301","200.963345864662","11.8421052631579","9.58646616541353"
"5548","3236.5","993.75","993.5546875","1148.203125","0","5.74505859375","76.55","0","4.70588235294118","0","0","0","0","0","0",".75","4.056","4.992","4.68","3.744","4.212","3.9","62.6468377761016","4",".996337890625","1.370625","1733.6328125","1733.59765625","595","595",".745",".63","207.824248120301","200.563909774436","11.8421052631579","9.16353383458647"
"5618","3121","993.75","993.5546875","1131.953125","0","6.30013671875","76.55","0","4.70588235294118","0","0","0","0","0","0","-.75","4.212","4.68","4.992","3.744","4.056","3.744","62.3458611048797","4",".996337890625","1.38921875","1733.6328125","1733.59765625","590","590",".785",".67","207.824248120301","199.765037593985","11.8421052631579","9.14003759398496"
"5688","3008.5","993.75","993.5546875","1120.3515625","0","6.6609375","76.55","0","4.70588235294118","0","0","0","0","0","0","-2.25","4.212","4.68","4.992","3.744","4.056","3.744","61.7730345370703","5",".996826171875","1.41046875","1733.6328125","1733.59765625","590","590",".785",".65","207.824248120301","199.412593984962","11.8421052631579","9.23402255639098"
"5758","2891.75","993.75","993.5546875","1109.765625","0","6.6054296875","76.55","0","4.70588235294118","0","0","0","0","0","0","-3","3.9","4.68","4.836","3.588","3.744","3.276","61.3458418424328","5",".99755859375","1.4025","1733.6328125","1733.59765625","590","590",".785",".705","206.390977443609","198.002819548872","11.8421052631579","9.11654135338346"
"5828","2790.75","993.75","993.5546875","1104.1015625","0","6.6609375","76.55","0","4.70588235294118","0","0","0","0","0","0","-3.75","4.212","4.836","4.524","3.276","3.588","2.964","60.7293251126719","5",".998046875","1.39984375","1733.6328125","1733.59765625","590","590",".71",".715","205.47462406015","197.391917293233","11.8421052631579","8.99906015037594"
"5898","2674.75","993.75","993.5546875","1094.140625","0","6.74419921875","76.55","0","4.70588235294118","0","0","0","0","0","0","-4.5","4.212","4.836","4.524","3.276","3.588","2.964","60.2972779555953","5","1.046875","1.42109375","1733.6328125","1733.59765625","590","590",".71",".73","203.59492481203","196.052631578947","11.8421052631579","9.3515037593985"
"5968","2566.5","993.75","993.5546875","1088.203125","0","6.35564453125","77.9","0","4.31372549019608","0","0","0","0","0","0","-4.5","3.9","4.524","4.212","3.12","3.588","2.652","59.7195969253469","5","1.046875","1.413125","1733.6328125","1733.59765625","590","590",".395",".7","202.208646616541","194.99530075188","11.8421052631579","9.42199248120301"
"6038","2454.75","993.75","993.5546875","1082.1484375","0","6.41115234375","77.9","0","4.31372549019608","0","0","0","0","0","0","-5.25","3.588","4.212","3.9","2.808","3.276","2.418","59.2875497682703","6","1.046875","1.4184375","1733.6328125","1733.59765625","585","585",".025",".17","201.433270676692","194.807330827068","11.8421052631579","9.58646616541353"
"6109","2355","993.75","993.5546875","1076.0546875","0","6.41115234375","77.9","0","4.31372549019608","0","0","0","0","0","0","-5.25","3.588","4.212","3.9","2.808","3.276","2.418","58.7535588999734","6","1.046875","1.4503125","1733.6328125","1733.59765625","585","585",".015",".035","197.720864661654","192.457706766917","11.8421052631579","10.0328947368421"
"6179","2243.25","993.75","993.5546875","1072.3046875","0","6.13361328125","77.9","0","3.92156862745098","0","0","0","0","0","0","-6","3.276","3.9","3.588","2.496","3.276","2.496","58.331220667775","6","1.046875","1.45828125","1733.6328125","1733.59765625","580","580",".01",".02","195.817669172932","191.235902255639","11.8421052631579","10.2208646616541"
"6249","2136.25","993.75","993.5546875","1066.8359375","0","6.13361328125","79.25","0","3.92156862745098","0","0","0","0","0","0","-6","2.964","3.588","3.276","2.34","2.964","2.418","57.6710137760625","6","1.046875","1.498125","1733.6328125","1733.59765625","580","580",".01",".015","192.786654135338","189.473684210526","11.8421052631579","10.5028195488722"
"6319","2035.75","993.75","993.5546875","1062.8515625","0","5.74505859375","79.25","0","3.92156862745098","0","0","0","0","0","0","-6","2.652","3.276","3.12","2.262","2.652","2.34","57.1515862950828","6","1.046875","1.498125","1733.6328125","1733.59765625","580","580",".005",".015","191.470864661654","188.721804511278","11.8421052631579","10.4558270676692"
"6389","1937.5","993.75","993.5546875","1059.0625","0","5.74505859375","79.25","0","3.52941176470588","0","0","0","0","0","0","-6","2.652","3.276","3.12","2.262","2.652","2.34","56.5350695653219","6","1.046875","1.52203125","1733.6328125","1733.59765625","580","580",".005",".01","189.896616541353","187.734962406015","11.8421052631579","10.7612781954887"
"6459","1829.5","993.75","993.5546875","1056.2109375","0","5.35650390625","79.25","0","3.52941176470588","0","0","0","0","0","0","-6.75","2.496","2.964","2.808","2.106","2.496","2.184","56.1224402580016","6","1.046875","1.51671875","1733.6328125","1733.59765625","580","580",".005",".015","184.445488721805","183.059210526316","11.8421052631579","10.7142857142857"
"6529","1733.25","993.75","993.5546875","1052.2265625","0","5.4952734375","79.25","0","3.13725490196078","0","0","0","0","0","0","-6","2.34","2.808","2.652","1.95","2.496","2.106","55.5884493897047","6","1.046875","1.583125","1733.6328125","1733.59765625","580","580",".005",".015","181.296992481203","180.169172932331","11.8421052631579","11.2312030075188"
"6599","1632.25","993.75","993.5546875","1048.4765625","0","5.24548828125","79.25","0","3.13725490196078","0","0","0","0","0","0","-6","2.34","2.808","2.652","1.95","2.496","2.106","55.1855290072625","0","1.046875","1.6309375","1733.6328125","1733.59765625","575","575",".005",".01","173.966165413534","173.449248120301","11.8421052631579","11.7011278195489"
"6669","1544.25","992.5","993.5546875","1045.8203125","0","4.80142578125","79.25","0","3.13725490196078","0","0","0","0","0","0","-6","2.262","2.652","2.418","1.872","2.418","1.95","54.6224113643313","0","1.046875","1.6309375","1733.6328125","1733.59765625","575","575","0",".01","170.441729323308","170.206766917293","11.8421052631579","11.7716165413534"
"6740","1430.25","993.75","993.5546875","1043.203125","0","4.7181640625","79.25","0","2.74509803921569","0","0","0","0","0","0","-6","2.184","2.418","2.34","1.794","2.262","1.872","54.2243454443281","0","1.046875","1.65484375","1733.6328125","1733.59765625","575","575",".005",".005","167.739661654135","167.716165413534","11.8421052631579","11.9830827067669"
"6810","1348.25","993.75","993.5546875","1042.890625","0","4.66265625","79.25","0","2.74509803921569","0","0","0","0","0","0","-6","2.184","2.418","2.34","1.794","2.262","1.872","53.7680259750563","0","1.046875","1.61234375","1733.6328125","1733.59765625","575","575","0",".01","154.088345864662","154.957706766917","11.8421052631579","11.6306390977444"
"6880","1238","993.75","993.5546875","1040.5078125","0","4.1630859375","80.6","0","2.35294117647059","0","0","0","0","0","0","-5.25","2.028","2.34","2.262","1.716","2.184","1.794","53.4282136043219","0",".99951171875","1.93640625","1733.6328125","1733.59765625","575","575",".005",".005","145.018796992481","146.381578947368","11.8421052631579","11.7246240601504"
"6950","1213.75","993.75","993.5546875","1040.390625","0","3.96880859375","80.6","0","2.35294117647059","0","0","0","0","0","0","-5.25","1.95","2.262","2.184","1.638","2.106","1.716","53.0204387594406","0",".99951171875","1.64421875","1733.6328125","1733.59765625","575","575",".005",".005","139.661654135338","141.40037593985","11.8421052631579","11.5131578947368"
"7020","1192.25","993.75","993.5546875","1037.65625","0","3.85779296875","80.6","0","1.96078431372549","0","0","0","0","0","0","-5.25","1.872","2.184","2.106","1.56","2.028","1.638","52.7194620882188","0",".99951171875","1.65484375","1733.6328125","1733.59765625","570","570",".005",".005","139.755639097744","141.376879699248","11.8421052631579","11.5836466165414"
"7090","1122.25","993.75","993.5546875","1036.0546875","0","3.63576171875","80.6","0","1.96078431372549","0","0","0","0","0","0","-2.25","1.872","2.184","2.106","1.56","2.028","1.638","52.3068327808984","0",".93603515625","1.68671875","1733.6328125","1733.59765625","570","570",".01",".005","136.771616541353","138.674812030075","11.8421052631579","11.5366541353383"
"7160","1084.5","993.75","993.5546875","1034.921875","0","3.80228515625","80.6","0","1.56862745098039","0","0","0","0","0","0","-.75","1.794","2.106","2.028","1.482","1.95","1.56","52.0252739594328","0",".89599609375","1.774375","1733.6328125","1733.59765625","570","570",".02",".005","132.260338345865","134.515977443609","12.312030075188","11.5836466165414"
"7230","1046.75","993.75","993.5546875","1032.96875","0","3.2749609375","81.95","0","1.56862745098039","0","0","0","0","0","0","6.75","1.794","2.028","1.95","1.404","1.872","1.482","51.6466258891859","0",".904052734375","1.72921875","1733.6328125","1733.59765625","570","570",".03",".01","131.343984962406","133.670112781955","12.9934210526316","11.3251879699248"
"7300","1003.25","993.75","993.5546875","1030.9765625","0","3.0529296875","81.95","0","1.96078431372549","0","0","0","0","0","0","20.25","1.794","2.028","1.95","1.404","1.872","1.482","51.3310858306469","0",".904052734375","1.6840625","1733.6328125","1733.59765625","570","570",".035",".01","128.054511278195","130.615601503759","13.5573308270677","11.0667293233083"
"7370","984","993.75","993.5546875","1030.1953125","0","3.52474609375","81.95","0","2.35294117647059","0","0","0","0","0","0","14.25","1.716","1.95","1.872","1.326","1.794","1.404","50.9572922228391","0",".964111328125","1.68671875","1733.6328125","1733.59765625","570","570",".04",".015","127.443609022556","130.051691729323","13.6748120300752","11.2781954887218"
"7441","963.5","993.75","993.5546875","1029.296875","0","3.77453125","81.95","0","2.35294117647059","0","0","0","0","0","0","15","1.638","1.95","1.794","1.248","1.794","1.326","50.6902967886906","0",".999755859375","1.76640625","1733.6328125","1733.59765625","565","565",".065",".015","127.443609022556","129.887218045113","13.9567669172932","11.8890977443609"
"7511","941","993.75","993.5546875","1027.34375","0","3.96880859375","81.95","0","2.35294117647059","0","0","0","0","0","0","15","1.638","1.95","1.794","1.248","1.794","1.326","50.4135924296641","0",".999755859375","1.816875","1733.6328125","1733.59765625","565","565",".63",".015","127.443609022556","129.887218045113","14.2387218045113","12.6644736842105"
"7581","919","995","993.59375","1025.5859375","0","3.885546875","81.95","0","2.35294117647059","0","0","0","0","0","0","8.25","1.56","1.872","1.716","1.209","1.716","1.326","50.0640711340516","0",".999755859375","1.84875","1733.6328125","1733.59765625","565","565",".765",".02","127.443609022556","129.887218045113","14.3092105263158","13.4398496240601"
"7651","896.5","993.75","993.59375","1026.640625","0","3.52474609375","81.95","0","1.96078431372549","0","0","0","0","0","0","14.25","1.482","1.794","1.716","1.17","1.638","1.248","49.6902775262438","0",".999755859375","1.8009375","1733.6328125","1733.59765625","565","565",".825",".025","127.443609022556","129.887218045113","15.343045112782","13.4868421052632"
"7721","888.5","993.75","993.59375","1025.3515625","0","3.3859765625","81.95","0","1.96078431372549","0","0","0","0","0","0","15.75","1.482","1.794","1.716","1.17","1.638","1.248","49.3601740803875","0",".999755859375","1.78765625","1733.6328125","1733.59765625","565","565",".84",".025","127.443609022556","129.887218045113","15.2020676691729","13.2753759398496"
"7791","874.25","993.75","993.59375","1024.375","0","3.663515625","81.95","0","1.96078431372549","0","0","0","0","0","0","27.75","1.482","1.716","1.638","1.17","1.56","1.209","49.0057983223359","0",".999755859375","1.84609375","1733.6328125","1733.59765625","565","565",".85",".03","127.443609022556","129.887218045113","15.578007518797","13.6043233082707"
"7861","868.5","993.75","993.59375","1023.359375","0","3.7190234375","81.95","0","2.35294117647059","0","0","0","0","0","0","18","1.404","1.638","1.56","1.131","1.56","1.17","48.5834600901375","0",".999755859375","1.8859375","1733.6328125","1733.59765625","565","565",".85",".035","127.443609022556","129.887218045113","15.390037593985","13.9567669172932"
"7931","868","993.75","993.59375","1021.953125","0","3.91330078125","81.95","0","2.35294117647059","0","0","0","0","0","0","8.25","1.326","1.638","1.482","1.092","1.482","1.17","48.2970468062328","0",".999755859375","1.923125","1733.6328125","1733.59765625","565","565",".845",".035","127.443609022556","129.887218045113","15.2490601503759","14.4736842105263"
"8000","861.25","993.75","993.59375","1021.71875","0","3.69126953125","81.95","0","1.96078431372549","0","0","0","0","0","0","6","1.326","1.638","1.482","1.092","1.482","1.17","47.9669433603766","0",".999755859375","1.8965625","1733.6328125","1733.59765625","565","565",".845",".04","127.443609022556","129.887218045113","15.7424812030075","14.6616541353383"
"8071","846.75","993.75","993.59375","1021.71875","0","3.2749609375","81.95","0","1.96078431372549","0","0","0","0","0","0","17.25","1.248","1.56","1.482","1.092","1.404","1.131","47.7339291633016","0",".999755859375","1.83546875","1733.6328125","1733.59765625","565","565",".845",".05","127.443609022556","129.887218045113","15.5545112781955","14.3796992481203"
"8141","850.25","993.75","993.59375","1021.71875","0","3.33046875","81.95","0","1.96078431372549","0","0","0","0","0","0","15","1.248","1.482","1.404","1.053","1.326","1.092","47.3698444803719","0",".999755859375","1.8221875","1733.6328125","1733.59765625","565","565",".845",".055","127.443609022556","129.887218045113","15.718984962406","14.0742481203008"
"8212","847.25","993.75","993.59375","1019.140625","0","3.46923828125","81.95","0","1.96078431372549","0","0","0","0","0","0","12.75","1.248","1.482","1.404","1.053","1.326","1.092","47.0494499593938","0",".999755859375","1.8434375","1733.6328125","1733.59765625","565","565",".84",".06","127.443609022556","129.887218045113","15.531015037594","14.1447368421053"
"8282","847","993.75","993.59375","1020.078125","0","3.46923828125","81.95","0","1.96078431372549","0","0","0","0","0","0","12.75","1.209","1.482","1.326","1.014","1.326","1.053","46.6465295769516","0",".999755859375","1.82484375","1733.6328125","1733.59765625","565","565",".84",".07","127.443609022556","129.887218045113","15.5545112781955","14.2387218045113"
"8352","843.75","993.75","993.59375","1019.2578125","0","3.2749609375","81.95","0","1.96078431372549","0","0","0","0","0","0","17.25","1.17","1.404","1.326",".975","1.248","1.053","46.2193368823141","0",".999755859375","1.79296875","1733.6328125","1733.59765625","565","565",".845",".09","127.443609022556","129.887218045113","15.718984962406","14.0272556390977"
"8422","847.5","993.75","993.59375","1019.1015625","0","3.35822265625","81.95","0","1.96078431372549","0","0","0","0","0","0","9.75","1.17","1.404","1.326",".975","1.248","1.053","45.7727263379203","0",".999755859375","1.80625","1733.6328125","1733.59765625","560","560",".84",".155","127.443609022556","129.887218045113","15.625","14.0507518796992"
"8492","838","993.75","993.59375","1019.1015625","0","3.74677734375","83.3","0","2.35294117647059","0","0","0","0","0","0","15.75","1.17","1.326","1.248",".975","1.209","1.014","45.4620407418203","0",".999755859375","1.85671875","1733.6328125","1733.59765625","560","560",".84",".685","127.443609022556","129.887218045113","15.859962406015","14.2387218045113"
"8562","844.5","993.75","993.59375","1018.984375","0","3.80228515625","83.3","0","2.35294117647059","0","0","0","0","0","0","9.75","1.131","1.248","1.209",".936","1.209",".975","45.0785382091344","0",".999755859375","1.880625","1733.6328125","1733.59765625","560","560",".84",".725","127.443609022556","129.887218045113","15.7424812030075","14.7086466165414"
"8632","839","993.75","993.59375","1017.3046875","0","3.80228515625","83.3","0","1.96078431372549","0","0","0","0","0","0","12","1.092","1.248","1.17",".897","1.17",".975","44.816397237425","0",".999755859375","1.9071875","1733.6328125","1733.59765625","560","560",".84",".755","127.443609022556","129.746240601504","16.0009398496241","15.0610902255639"
"8702","843.5","993.75","993.59375","1017.03125","0","3.5525","83.3","0","1.96078431372549","0","0","0","0","0","0","8.25","1.092","1.248","1.17",".897","1.17",".975","44.4620214793734","0",".999755859375","1.880625","1733.6328125","1733.59765625","560","560",".84",".77","127.443609022556","129.746240601504","15.906954887218","15.1315789473684"
"8772","834.25","993.75","993.59375","1016.953125","0","3.2749609375","83.3","0","1.96078431372549","0","0","0","0","0","0","15","1.053","1.209","1.17",".897","1.131",".936","44.0736644842484","0",".999755859375","1.83015625","1733.6328125","1733.59765625","560","560",".835",".785","127.443609022556","129.746240601504","16.1654135338346","14.8261278195489"
"8843","842.25","993.75","993.59375","1016.6796875","0","3.441484375","83.3","0","1.96078431372549","0","0","0","0","0","0","12","1.053","1.17","1.131",".936","1.131",".897","43.6464717896109","0",".999755859375","1.83546875","1733.6328125","1733.59765625","560","560",".835",".785","127.443609022556","129.746240601504","16.0714285714286","14.5911654135338"
"8913","845.5","993.75","993.59375","1016.7578125","0","3.3859765625","83.3","0","1.96078431372549","0","0","0","0","0","0","12","1.053","1.17","1.131",".936","1.131",".897","43.4328754422922","0",".999755859375","1.82484375","1733.6328125","1733.59765625","560","560",".835",".795","127.443609022556","129.746240601504","16.0949248120301","14.5206766917293"
"8983","848.75","993.75","993.59375","1016.4453125","0","3.46923828125","83.3","0","1.96078431372549","0","0","0","0","0","0","11.25","1.014","1.17","1.092",".897","1.092",".858","43.0590818344844","0",".999755859375","1.8115625","1733.6328125","1733.59765625","560","560",".835",".8","127.443609022556","129.746240601504","16.1184210526316","14.4501879699248"
"9053","840.25","993.75","993.59375","1016.4453125","0","3.46923828125","83.3","0","2.35294117647059","0","0","0","0","0","0","15.75",".975","1.131","1.092",".858","1.053",".858","42.7678140881406","0",".999755859375","1.795625","1733.6328125","1733.59765625","560","560",".83",".8","127.443609022556","129.746240601504","16.2124060150376","14.3562030075188"
"9123","846.75","993.75","993.59375","1016.3671875","0","3.80228515625","83.3","0","2.35294117647059","0","0","0","0","0","0","12.75",".975","1.131","1.092",".858","1.053",".858","42.3988749427719","0",".999755859375","1.84875","1733.6328125","1733.59765625","560","560",".835",".81","127.443609022556","129.746240601504","16.2359022556391","14.6616541353383"
"9193","851","993.75","993.59375","1016.40625","0","3.80228515625","83.3","0","2.35294117647059","0","0","0","0","0","0","10.5",".975","1.092","1.053",".858","1.014",".819","42.1124616588672","0",".999755859375","1.84875","1733.6328125","1733.59765625","555","555",".83",".81","127.443609022556","129.746240601504","16.3768796992481","14.8026315789474"
"9263","856","993.75","993.59375","1016.40625","0","3.74677734375","83.3","0","2.35294117647059","0","0","0","0","0","0","8.25",".936","1.092","1.014",".819","1.014",".858","41.7580859008156","0",".999755859375","1.859375","1733.6328125","1733.59765625","555","555",".83",".81","127.443609022556","129.746240601504","16.3768796992481","14.9906015037594"
"9333","855.25","992.5","993.59375","1016.3671875","0","3.663515625","83.3","0","2.35294117647059","0","0","0","0","0","0","8.25",".897","1.053",".975",".78",".975",".858","41.6173064900828","0",".999755859375","1.84078125","1733.6328125","1733.59765625","555","555",".83",".815","127.443609022556","129.746240601504","16.3768796992481","14.9671052631579"
"9403","868.25","992.5","993.59375","1013.9453125","0","3.69126953125","83.3","0","2.35294117647059","0","0","0","0","0","0","6",".897","1.053",".975",".78",".975",".858","41.2920575066656","0",".999755859375","1.84078125","1733.6328125","1733.59765625","555","555",".825",".815","127.443609022556","129.746240601504","16.4003759398496","14.9671052631579"
"9473","884.5","993.75","993.59375","1016.015625","0","3.6080078125","83.3","0","2.35294117647059","0","0","0","0","0","0","0",".858","1.014",".975",".78",".936",".897","41.0347709973953","0",".999755859375","1.83015625","1733.6328125","1733.59765625","555","555",".825",".815","127.443609022556","129.746240601504","15.7894736842105","15.1550751879699"
"9544","869.25","993.75","993.59375","1016.40625","0","3.52474609375","83.3","0","2.35294117647059","0","0","0","0","0","0","4.5",".858",".975",".936",".741",".897",".858","40.7532121759297","0",".999755859375","1.78234375","1733.6328125","1733.59765625","555","555",".825",".815","127.443609022556","129.746240601504","16.0479323308271","14.5441729323308"
"9614","862","993.75","993.59375","1015.6640625","0","3.85779296875","83.3","0","2.35294117647059","0","0","0","0","0","0","6.75",".858",".975",".936",".741",".897",".858","40.5541792159281","0",".999755859375","1.83015625","1733.6328125","1733.59765625","555","555",".82",".81","127.443609022556","129.746240601504","16.1184210526316","14.5676691729323"
"9684","865.5","993.75","993.59375","1015.2734375","0","3.8300390625","83.3","0","2.35294117647059","0","0","0","0","0","0","5.25",".819",".975",".897",".702",".897",".819","40.3260194812922","0",".999755859375","1.85140625","1733.6328125","1733.59765625","555","555",".82",".81","127.443609022556","129.746240601504","16.1184210526316","14.9671052631579"
"9754","865.25","993.75","993.59375","1015.8984375","0","3.80228515625","83.3","0","2.35294117647059","0","0","0","0","0","0","4.5",".78",".936",".897",".663",".936",".819","40.1755311456813","0",".999755859375","1.82484375","1733.6328125","1733.59765625","555","555",".815",".81","127.443609022556","129.746240601504","16.0479323308271","14.9671052631579"
"9824","867.25","993.75","993.59375","1015.4296875","0","3.7190234375","83.3","0","2.35294117647059","0","0","0","0","0","0","3.75",".78",".936",".897",".663",".936",".819","39.8891178617766","0",".999755859375","1.82484375","1733.6328125","1733.59765625","555","555",".815",".805","127.443609022556","129.746240601504","16.0009398496241","15.0845864661654"
"9894","860.75","993.75","993.59375","1015.2734375","0","3.46923828125","83.3","0","2.35294117647059","0","0","0","0","0","0","5.25",".741",".897",".858",".663",".897",".78","39.7046482890922","0",".999755859375","1.785","1733.6328125","1733.59765625","555","555",".81",".8","127.443609022556","129.746240601504","16.0244360902256","14.7321428571429"
"9964","862.25","993.75","993.59375","1013.7890625","0","3.52474609375","83.3","0","2.35294117647059","0","0","0","0","0","0","6",".741",".858",".819",".624",".897",".819","39.4376528549438","0",".999755859375","1.79296875","1733.6328125","1733.59765625","555","555",".805",".8","127.443609022556","129.746240601504","16.0009398496241","14.6381578947368"
"10034","860.75","993.75","993.59375","1015.6640625","0","3.58025390625","83.3","0","2.35294117647059","0","0","0","0","0","0","6.75",".741",".858",".819",".624",".897",".819","39.1221127964047","0",".999755859375","1.77171875","1733.6328125","1733.59765625","555","555",".805",".795","127.443609022556","129.746240601504","16.0009398496241","14.4031954887218"
"10104","863.25","993.75","993.59375","1013.7890625","0","3.69126953125","83.3","0","2.35294117647059","0","0","0","0","0","0","6",".702",".858",".78",".6435",".858",".819","39.0056056978672","0",".999755859375","1.8009375","1733.6328125","1733.59765625","555","555",".805",".795","127.443609022556","129.746240601504","15.9539473684211","14.5911654135338"
"10174","861","993.75","993.59375","1013.7890625","0","3.91330078125","83.3","0","2.35294117647059","0","0","0","0","0","0","5.25",".702",".858",".78",".663",".819",".78","38.7191924139625","0",".999755859375","1.838125","1733.6328125","1733.59765625","555","555",".8",".79","127.443609022556","129.746240601504","15.9774436090226","14.9201127819549"
"10245","858.75","995","993.59375","1013.7890625","0","3.77453125","83.3","0","2.35294117647059","0","0","0","0","0","0","5.25",".702",".858",".741",".663",".78",".741","38.5638496159125","0",".999755859375","1.83546875","1733.6328125","1733.59765625","555","555",".8",".785","127.443609022556","129.746240601504","15.9774436090226","15.0610902255639"
"10315","862.5","995","993.6328125","1015.1171875","0","3.58025390625","83.3","0","2.35294117647059","0","0","0","0","0","0","4.5",".702",".858",".741",".663",".78",".741","38.3405443437156","0",".999755859375","1.78765625","1733.6328125","1733.59765625","555","555",".795",".785","127.443609022556","129.746240601504","15.9539473684211","14.8261278195489"
"10385","857","993.75","993.6328125","1013.90625","0","3.80228515625","83.3","0","2.35294117647059","0","0","0","0","0","0","6.75",".741",".858",".702",".6825",".78",".702","38.0784033720063","0",".999755859375","1.816875","1733.6328125","1733.59765625","555","555",".79",".785","127.443609022556","129.746240601504","15.9774436090226","14.8026315789474"
"10455","857.25","993.75","993.6328125","1013.7890625","0","3.58025390625","83.3","0","2.35294117647059","0","0","0","0","0","0","6",".702",".819",".702",".663",".819",".702","37.8308257876141","0",".999755859375","1.79828125","1733.6328125","1733.59765625","550","550",".785",".78","127.443609022556","129.746240601504","15.9774436090226","14.8261278195489"
"10525","854.5","993.75","993.6328125","1013.7890625","0","3.74677734375","83.3","0","2.35294117647059","0","0","0","0","0","0","6.75",".702",".819",".702",".663",".819",".702","37.6220839027344","0",".999755859375","1.80625","1733.6328125","1733.59765625","550","550",".785",".78","127.443609022556","129.746240601504","16.0009398496241","14.8966165413534"
"10595","853","993.75","993.6328125","1013.7890625","0","3.80228515625","83.3","0","2.35294117647059","0","0","0","0","0","0","7.5",".663",".78",".702",".663",".78",".663","37.3550884685859","0",".999755859375","1.8221875","1733.6328125","1733.59765625","550","550",".785",".77","127.443609022556","129.746240601504","16.0479323308271","14.9201127819549"
"10665","851.25","993.75","993.6328125","1013.7890625","0","3.74677734375","83.3","0","2.35294117647059","0","0","0","0","0","0","7.5",".663",".741",".741",".6435",".78",".624","37.1706188959016","0",".999755859375","1.84078125","1733.6328125","1733.59765625","550","550",".785",".77","127.443609022556","129.746240601504","16.0714285714286","15.0610902255639"
"10735","852.75","993.75","993.6328125","1013.7890625","0","3.69126953125","83.3","0","2.35294117647059","0","0","0","0","0","0","7.5",".663",".741",".741",".6435",".78",".624","36.8599332998016","0",".999755859375","1.80890625","1733.6328125","1733.59765625","550","550",".78",".765","127.443609022556","129.746240601504","16.0949248120301","14.9671052631579"
"10805","856","995","993.6328125","1013.7890625","0","3.52474609375","83.3","0","2.35294117647059","0","0","0","0","0","0","6.75",".663",".741",".741",".624",".819",".624","36.6609003398","0",".999755859375","1.795625","1733.6328125","1733.59765625","550","550",".78",".76","127.443609022556","129.746240601504","16.6353383458647","14.8496240601504"
"10875","861.75","995","993.671875","1013.7890625","0","3.58025390625","83.3","0","2.74509803921569","0","0","0","0","0","0","9",".663",".702",".741",".6045",".78",".6435","36.272543344675","0",".999755859375","1.77171875","1733.6328125","1733.59765625","550","550",".78",".75","127.443609022556","129.746240601504","16.6118421052632","14.6381578947368"
"10946","864","993.75","993.671875","1013.7890625","0","4.19083984375","83.3","0","2.74509803921569","0","0","0","0","0","0","7.5",".663",".702",".78",".6045",".741",".624","36.0346746851609","0",".999755859375","1.87","1733.6328125","1733.59765625","550","550",".78",".75","127.443609022556","129.746240601504","16.5648496240602","15.1785714285714"
"11016","865","993.75","993.671875","1013.59375","0","3.96880859375","83.3","0","2.74509803921569","0","0","0","0","0","0","5.25",".663",".702",".78",".6045",".741",".624","35.7094257017438","0",".999755859375","1.85671875","1733.6328125","1733.59765625","550","550",".785",".735","127.443609022556","129.746240601504","16.5178571428571","15.5075187969925"
"11086","869","993.75","993.671875","1013.3984375","0","3.9965625","83.3","0","2.74509803921569","0","0","0","0","0","0","3.75",".702",".702",".741",".624",".741",".6435","35.4618481173516","0",".999755859375","1.86734375","1733.6328125","1733.59765625","550","550",".785",".73","127.443609022556","129.746240601504","16.4238721804511","15.671992481203"
"11156","872.5","993.75","993.671875","1013.671875","0","3.8300390625","83.3","0","2.35294117647059","0","0","0","0","0","0","3",".741",".663",".702",".6435",".702",".6435","35.1948526832031","0",".999755859375","1.8328125","1733.6328125","1733.59765625","550","550",".785",".725","127.443609022556","129.746240601504","16.3768796992481","15.6015037593985"
"11226","873","993.75","993.671875","1013.7109375","0","3.885546875","83.3","0","2.35294117647059","0","0","0","0","0","0","3",".741",".663",".702",".6435",".702",".6435","34.8987304744203","0",".999755859375","1.83015625","1733.6328125","1733.59765625","550","550",".78",".725","127.443609022556","129.746240601504","16.3063909774436","15.5075187969925"
"11296","871.25","993.75","993.671875","1013.75","0","3.85779296875","83.3","0","2.35294117647059","0","0","0","0","0","0","3",".702",".702",".702",".6435",".663",".6435","34.6317350402719","0",".999755859375","1.8221875","1733.6328125","1733.59765625","550","550",".785",".715","127.443609022556","129.746240601504","16.2828947368421","15.3665413533835"
"11366","866.75","993.75","993.671875","1013.9453125","0","3.91330078125","83.3","0","2.35294117647059","0","0","0","0","0","0","3.75",".702",".663",".663",".624",".702",".663","34.3016315944156","0",".999755859375","1.816875","1733.6328125","1733.59765625","550","550",".78",".71","127.443609022556","129.746240601504","16.2593984962406","15.3665413533835"
"11436","866","993.75","993.671875","1013.7890625","0","4.07982421875","83.3","0","2.35294117647059","0","0","0","0","0","0","4.5",".702",".663",".663",".624",".702",".663","33.9909459983156","0",".999755859375","1.84609375","1733.6328125","1733.59765625","545","545",".78",".705","127.443609022556","129.746240601504","16.2593984962406","15.484022556391"
"11546","866.5","993.75","993.671875","1013.7890625","0","3.96880859375","83.3","0","2.35294117647059","0","0","0","0","0","0","3",".663",".663",".702",".6045",".702",".6825","33.7142416392891","0",".999755859375","1.8434375","1733.6328125","1733.59765625","545","545",".765",".695","127.443609022556","129.746240601504","16.2124060150376","15.6954887218045"
"11617","865.75","993.75","993.671875","1013.7890625","0","3.85779296875","83.3","0","2.35294117647059","0","0","0","0","0","0","3.75",".702",".624",".702",".585",".741",".6825","33.1851052334313","0",".999755859375","1.8221875","1733.6328125","1733.59765625","545","545",".76",".685","127.443609022556","129.746240601504","16.2124060150376","15.437030075188"
"11687","857.75","993.75","993.671875","1013.5546875","0","3.5525","83.3","0","2.35294117647059","0","0","0","0","0","0","6",".663",".6045",".663",".585",".702",".702","32.9957811983078","0",".999755859375","1.79828125","1733.6328125","1733.59765625","545","545",".76",".675","127.443609022556","129.746240601504","16.2359022556391","15.2255639097744"
"11757","867.25","993.75","993.671875","1013.75","0","3.69126953125","83.3","0","2.35294117647059","0","0","0","0","0","0","4.5",".663",".585",".624",".585",".702",".6825","32.6559688275734","0",".999755859375","1.78765625","1733.6328125","1733.59765625","545","545",".765",".66","127.443609022556","129.746240601504","16.1889097744361","15.0375939849624"
"11827","865.75","993.75","993.671875","1013.046875","0","3.69126953125","83.3","0","2.35294117647059","0","0","0","0","0","0","4.5",".663",".585",".624",".585",".702",".6825","32.4909171046453","0",".999755859375","1.785","1733.6328125","1733.59765625","545","545",".765",".655","127.443609022556","129.746240601504","16.1184210526316","14.9906015037594"
"11897","857.25","993.75","993.671875","1013.75","0","3.7190234375","83.3","0","2.35294117647059","0","0","0","0","0","0","6.75",".624",".585",".6045",".6045",".702",".6825","32.1074145719594","0",".999755859375","1.7796875","1733.6328125","1733.59765625","545","545",".765",".655","127.443609022556","129.746240601504","16.1889097744361","14.8966165413534"
"11967","855.5","993.75","993.671875","1013.7109375","0","3.7190234375","83.3","0","2.35294117647059","0","0","0","0","0","0","7.5",".6435",".6045",".6045",".624",".663",".663","31.8792548373234","0",".999755859375","1.774375","1733.6328125","1733.59765625","545","545",".76",".65","127.443609022556","129.746240601504","16.2124060150376","14.8966165413534"
"12037","860","993.75","993.671875","1013.75","0","3.5525","83.3","0","2.35294117647059","0","0","0","0","0","0","6.75",".6435",".6045",".6045",".624",".663",".663","31.4132264431734","0",".999755859375","1.75046875","1733.6328125","1733.59765625","545","545",".75",".64","127.443609022556","129.746240601504","16.1889097744361","14.7791353383459"
"12107","856.75","995","993.671875","1013.75","0","3.80228515625","83.3","0","2.35294117647059","0","0","0","0","0","0","7.5",".6435",".624",".585",".624",".663",".6435","31.1947756334156","0",".999755859375","1.77171875","1733.6328125","1733.59765625","545","545",".735",".63","127.443609022556","129.746240601504","16.2124060150376","14.7791353383459"
"12177","860","995","993.7109375","1013.75","0","3.85779296875","83.3","0","2.35294117647059","0","0","0","0","0","0","6",".624",".624",".6045",".6045",".663",".6435","30.8161275631688","0",".999755859375","1.78234375","1733.6328125","1733.59765625","545","545",".74",".61","127.443609022556","129.746240601504","16.1654135338346","15.0140977443609"
"12257","857.75","995","993.7109375","1013.75","0","3.80228515625","83.3","0","2.35294117647059","0","0","0","0","0","0","6.75",".624",".624",".6045",".6045",".663",".6435","30.6413669153625","0",".999755859375","1.78234375","1733.6328125","1733.59765625","545","545",".725",".555","127.443609022556","129.746240601504","16.1889097744361","15.1080827067669"
"12328","855.75","993.75","993.7109375","1011.796875","0","3.85779296875","83.3","0","2.35294117647059","0","0","0","0","0","0","7.5",".6435",".6045",".624",".585",".702",".6435","30.3064090070672","0",".999755859375","1.8115625","1733.6328125","1733.59765625","545","545",".705",".19","127.443609022556","129.746240601504","16.1184210526316","15.2020676691729"
"12398","864.5","993.75","993.7109375","1013.75","0","3.80228515625","83.3","0","2.35294117647059","0","0","0","0","0","0","4.5",".624",".585",".624",".585",".741",".624","30.1365028217","0",".999755859375","1.78234375","1733.6328125","1733.59765625","545","545",".67",".105","127.443609022556","129.746240601504","16.1654135338346","15.3195488721805"
"12468","867","993.75","993.7109375","1013.6328125","0","3.8300390625","83.3","0","2.35294117647059","0","0","0","0","0","0","3.75",".624",".5655",".6435",".5655",".741",".6045","29.8258172256","0",".999755859375","1.78234375","1733.6328125","1733.59765625","540","540",".64",".09","127.443609022556","129.746240601504","16.1184210526316","15.3195488721805"
"12538","859.75","993.75","993.7109375","1013.671875","0","3.80228515625","83.3","0","2.35294117647059","0","0","0","0","0","0","5.25",".624",".5655",".6435",".5655",".741",".6045","29.6122208782813","0",".999755859375","1.7796875","1733.6328125","1733.59765625","540","540",".62",".08","127.443609022556","129.746240601504","16.1184210526316","15.2255639097744"
"12608","859.25","993.75","993.7109375","1012.4609375","0","3.85779296875","84.65","0","2.35294117647059","0","0","0","0","0","0","5.25",".6435",".5655",".624",".546",".702",".624","29.2044460334","0",".999755859375","1.80625","1733.6328125","1733.59765625","540","540",".605",".075","127.443609022556","129.746240601504","16.1184210526316","15.3195488721805"
"12678","862","993.75","993.7109375","1013.3984375","0","3.7190234375","84.65","0","2.35294117647059","0","0","0","0","0","0","4.5",".663",".585",".624",".5265",".663",".624","28.9568684490078","0",".999755859375","1.7796875","1733.6328125","1733.59765625","540","540",".605",".075","127.443609022556","129.581766917293","16.1184210526316","15.2960526315789"
"12748","854.5","993.75","993.7109375","1013.59375","0","3.80228515625","84.65","0","2.35294117647059","0","0","0","0","0","0","6.75",".663",".585",".624",".5265",".663",".624","28.6510373153469","0",".999755859375","1.7796875","1733.6328125","1733.59765625","540","540",".59",".075","127.443609022556","129.581766917293","16.1654135338346","15.1315789473684"
"12818","855.75","993.75","993.7109375","1012.4609375","0","3.885546875","83.3","0","2.35294117647059","0","0","0","0","0","0","6.75",".663",".5655",".6045",".5265",".624",".6435","28.4422954304672","0",".999755859375","1.80359375","1733.6328125","1733.59765625","540","540",".58",".07","127.443609022556","129.581766917293","16.2124060150376","15.2255639097744"
"12888","857.5","995","993.7109375","1013.3203125","0","3.8300390625","83.3","0","2.35294117647059","0","0","0","0","0","0","5.25",".6825",".5655",".585",".507",".624",".663","28.194717846075","0",".999755859375","1.7903125","1733.6328125","1733.59765625","540","540",".565",".075","127.443609022556","129.746240601504","16.1889097744361","15.4135338345865"
"12958","862.5","993.75","993.7109375","1013.671875","0","3.663515625","83.3","0","2.35294117647059","0","0","0","0","0","0","4.5",".702",".546",".585",".507",".624",".663","27.9374313368047","6",".999755859375","1.77703125","1733.6328125","1733.59765625","540","540",".505",".075","127.443609022556","129.746240601504","16.1419172932331","15.3195488721805"
"13029","861","993.75","993.7109375","1011.796875","0","3.91330078125","83.3","0","2.35294117647059","0","0","0","0","0","0","5.25",".702",".546",".585",".507",".624",".663","27.6801448275344","6",".999755859375","1.80625","1733.6328125","1733.59765625","540","540",".41",".08","127.443609022556","129.746240601504","16.1419172932331","15.3665413533835"
"13099","862.25","993.75","993.7109375","1011.953125","0","3.8300390625","84.65","0","2.35294117647059","0","0","0","0","0","0","4.5",".6825",".5655",".585",".507",".6045",".6825","27.3646047689953","6",".999755859375","1.80625","1733.6328125","1733.59765625","540","540",".26",".08","127.443609022556","129.746240601504","16.1654135338346","15.390037593985"
"13169","863.5","993.75","993.7109375","1013.203125","0","3.96880859375","84.65","0","2.35294117647059","0","0","0","0","0","0","4.5",".6825",".585",".6045",".5265",".6045",".663","27.0830459475297","6",".999755859375","1.816875","1733.6328125","1733.59765625","540","540",".175",".085","127.443609022556","129.746240601504","16.1419172932331","15.5075187969925"
"13239","856","993.75","993.7109375","1012.4609375","0","3.85779296875","84.65","0","2.35294117647059","0","0","0","0","0","0","5.25",".6825",".585",".6045",".5265",".6045",".663","26.8306139006984","6",".999755859375","1.838125","1733.6328125","1733.59765625","540","540",".13",".09","127.443609022556","129.581766917293","16.1419172932331","15.4605263157895"
"13309","846.75","993.75","993.7109375","1013.671875","0","3.9410546875","84.65","0","2.35294117647059","0","0","0","0","0","0","6.75",".663",".585",".585",".546",".624",".6435","26.5247827670375","6",".999755859375","1.8275","1733.6328125","1733.59765625","540","540",".12",".095","127.443609022556","129.581766917293","16.1184210526316","15.484022556391"
"13379","848.25","995","993.7109375","1013.75","0","3.885546875","83.3","0","2.35294117647059","0","0","0","0","0","0","6.75",".6435",".6045",".585",".5655",".6045",".6435","26.3597310441094","6",".999755859375","1.8275","1733.6328125","1733.59765625","540","540",".105",".095","127.443609022556","129.581766917293","16.2124060150376","15.5075187969925"
"13449","850.25","995","993.7109375","1013.59375","0","3.91330078125","83.3","0","2.35294117647059","0","0","0","0","0","0","6",".6435",".6045",".585",".5655",".6045",".6435","25.9859374363016","6",".999755859375","1.84078125","1733.6328125","1733.59765625","535","535",".11",".095","127.443609022556","129.746240601504","16.3063909774436","15.625"
"13519","853.75","993.75","993.7109375","1013.59375","0","3.80228515625","83.3","0","2.35294117647059","0","0","0","0","0","0","6",".6435",".624",".5655",".5655",".6045",".624","25.7820500138609","6",".999755859375","1.83015625","1733.6328125","1733.59765625","535","535",".205",".11","127.443609022556","129.746240601504","16.3298872180451","15.531015037594"
"13589","859.5","993.75","993.7109375","1012.6953125","0","3.5525","83.3","0","2.35294117647059","0","0","0","0","0","0","5.25",".624",".6435",".546",".585",".6045",".6435","25.4179653309313","6",".999755859375","1.78765625","1733.6328125","1733.59765625","535","535",".65",".12","127.443609022556","129.746240601504","16.3063909774436","15.390037593985"
"13659","859.5","993.75","993.7109375","1011.4453125","0","3.69126953125","84.65","0","2.35294117647059","0","0","0","0","0","0","6",".6045",".6435",".5265",".6045",".624",".6435","25.1946600587344","6",".999755859375","1.7903125","1733.6328125","1733.59765625","535","535",".675",".16","127.443609022556","129.746240601504","16.3063909774436","15.2725563909774"
"13730","860.25","993.75","993.7109375","1013.7109375","0","3.8300390625","84.65","0","2.35294117647059","0","0","0","0","0","0","6",".6045",".6435",".5265",".6045",".624",".6435","24.9033923123906","6",".999755859375","1.77171875","1733.6328125","1733.59765625","535","535",".68",".625","127.443609022556","129.746240601504","16.3063909774436","15.2020676691729"
"13800","860.75","993.75","993.7109375","1012.4609375","0","3.7190234375","84.65","0","2.35294117647059","0","0","0","0","0","0","6",".585",".663",".5265",".6045",".6435",".624","24.6412513406813","6",".999755859375","1.76109375","1733.6328125","1733.59765625","535","535",".7",".68","127.443609022556","129.746240601504","16.2593984962406","15.1315789473684"
"13870","856.5","993.75","993.7109375","1013.0859375","0","3.80228515625","84.65","0","2.35294117647059","0","0","0","0","0","0","6.75",".585",".6435",".546",".624",".663",".6435","24.2383309582391","6",".999755859375","1.7796875","1733.6328125","1733.59765625","535","535",".68",".69","127.443609022556","129.581766917293","16.2828947368421","15.1550751879699"
"13940","857.75","993.75","993.7109375","1013.59375","0","3.80228515625","84.65","0","2.35294117647059","0","0","0","0","0","0","6.75",".585",".6435",".546",".624",".663",".6435","23.8791007377484","6",".999755859375","1.774375","1733.6328125","1733.59765625","535","535",".68",".695","127.443609022556","129.581766917293","16.2593984962406","15.1080827067669"
"14010","863.75","993.75","993.7109375","1013.4375","0","3.63576171875","84.65","0","2.35294117647059","0","0","0","0","0","0","6",".585",".6435",".5655",".6045",".663",".624","23.5878329914047","6",".999755859375","1.7584375","1733.6328125","1733.59765625","535","535",".665",".695","127.443609022556","129.581766917293","16.2359022556391","15.0845864661654"
"14080","861.25","993.75","993.7109375","1013.6328125","0","3.8300390625","84.65","0","2.35294117647059","0","0","0","0","0","0","6.75",".585",".663",".5655",".585",".6825",".624","23.3208375572563","6",".999755859375","1.76640625","1733.6328125","1733.59765625","535","535",".65",".69","127.443609022556","129.581766917293","16.2593984962406","15.0375939849624"
"14150","856.75","993.75","993.7109375","1012.34375","0","3.52474609375","84.65","0","2.35294117647059","0","0","0","0","0","0","6.75",".585",".663",".5655",".585",".6825",".624","22.9713162616438","6",".999755859375","1.74515625","1733.6328125","1733.59765625","535","535",".515",".68","127.443609022556","129.581766917293","16.2359022556391","14.9906015037594"
"14220","861.75","995","993.75","1013.1640625","0","3.7190234375","84.65","0","2.35294117647059","0","0","0","0","0","0","6.75",".6045",".6435",".585",".585",".663",".6435","22.757719914325","6",".999755859375","1.753125","1733.6328125","1733.59765625","535","535",".11",".655","127.443609022556","129.581766917293","16.2124060150376","14.9201127819549"
"14290","842.5","993.75","993.75","1012.1484375","0","3.80228515625","84.65","0","2.74509803921569","0","0","0","0","0","0","8.25",".6045",".624",".6045",".5655",".663",".663","22.3256727572484","6",".999755859375","1.78765625","1733.6328125","1733.59765625","535","535",".095",".615","127.443609022556","129.581766917293","16.3298872180451","15.0610902255639"
"14360","842.75","995","993.75","1011.25","0","3.85779296875","84.65","0","2.74509803921569","0","0","0","0","0","0","9.75",".624",".624",".6045",".546",".6435",".663","22.0780951728563","6",".999755859375","1.8115625","1733.6328125","1733.59765625","535","535",".095",".36","127.443609022556","129.581766917293","16.4238721804511","15.1785714285714"
"14431","848.75","995","993.75","1012.7734375","0","3.58025390625","84.65","0","2.74509803921569","0","0","0","0","0","0","7.5",".624",".624",".6045",".546",".6435",".663","21.7722640391953","6",".999755859375","1.785","1733.6328125","1733.59765625","530","535",".09",".135","127.443609022556","129.581766917293","16.4473684210526","15.1785714285714"
"14501","853.25","993.75","993.75","1013.046875","0","4.02431640625","84.65","0","2.74509803921569","0","0","0","0","0","0","7.5",".6045",".6045",".6045",".546",".663",".6825","21.4518695182172","6",".999755859375","1.83015625","1733.6328125","1733.59765625","530","535",".08",".1","127.443609022556","129.581766917293","16.3063909774436","15.3665413533835"
"14571","852.75","993.75","993.75","1013.0859375","0","4.0520703125","84.65","0","2.74509803921569","0","0","0","0","0","0","6.75",".6045",".624",".624",".5265",".6825",".663","21.1266205348","6",".999755859375","1.84609375","1733.6328125","1733.59765625","530","535",".075",".09","127.443609022556","129.581766917293","16.3298872180451","15.625"
"14641","852","993.75","993.75","1013.75","0","4.13533203125","84.65","0","2.74509803921569","0","0","0","0","0","0","6.75",".6045",".624",".624",".5265",".6825",".663","20.8838974128469","6",".999755859375","1.859375","1733.6328125","1733.59765625","530","530",".07",".085","127.443609022556","129.581766917293","16.3768796992481","15.812969924812"
"14711","862.5","993.75","993.75","1013.671875","0","4.0520703125","84.65","0","2.74509803921569","0","0","0","0","0","0","4.5",".624",".624",".6435",".507",".6825",".6435","20.5537939669906","6",".999755859375","1.85140625","1733.6328125","1733.59765625","530","530",".07",".08","127.443609022556","129.581766917293","16.4003759398496","16.0949248120301"
"14781","866.75","995","993.75","1013.28125","0","3.96880859375","84.65","0","2.74509803921569","0","0","0","0","0","0","3.75",".6435",".624",".6435",".4875",".663",".6435","20.1751458967438","6",".999755859375","1.85140625","1733.6328125","1733.59765625","530","530",".075",".075","127.443609022556","129.581766917293","16.3533834586466","16.1184210526316"
"14851","863.25","995","993.75","1013.4765625","0","4.07982421875","84.65","0","2.74509803921569","0","0","0","0","0","0","3.75",".6435",".624",".6435",".4875",".663",".6435","19.9469861621078","6",".999755859375","1.8753125","1733.6328125","1733.59765625","530","530",".085",".075","127.443609022556","129.581766917293","16.3298872180451","16.2124060150376"
"14921","857.75","993.75","993.75","1013.0859375","0","4.0520703125","84.65","0","2.74509803921569","0","0","0","0","0","0","4.5",".663",".6045",".624",".4875",".6435",".663","19.5634836294219","6",".999755859375","1.87265625","1733.6328125","1733.59765625","530","530",".09",".08","127.443609022556","129.581766917293","16.3768796992481","16.0949248120301"
"14991","861.25","995","993.7890625","1013.5546875","0","3.96880859375","84.65","0","2.74509803921569","0","0","0","0","0","0","3.75",".663",".6045",".6045",".507",".6435",".6825","19.2188167962484","6",".999755859375","1.859375","1733.6328125","1733.59765625","530","530",".11",".085","127.443609022556","129.581766917293","16.3768796992481","16.0949248120301"
"15061","863","995","993.7890625","1012.3046875","0","3.80228515625","84.65","0","2.74509803921569","0","0","0","0","0","0","3.75",".663",".6045",".6045",".507",".6435",".6825","18.8790044255141","5",".999755859375","1.85671875","1733.6328125","1733.59765625","530","530",".21",".09","127.443609022556","129.581766917293","16.3298872180451","15.9774436090226"
"15132","866.25","993.75","993.7890625","1012.421875","0","3.96880859375","84.65","0","2.74509803921569","0","0","0","0","0","0","3.75",".663",".6045",".585",".5265",".624",".6825","18.6023000664875","5",".999755859375","1.838125","1733.6328125","1733.59765625","530","530",".66",".105","127.443609022556","129.581766917293","16.2828947368421","15.859962406015"
"15202","868.25","993.75","993.7890625","1013.75","0","3.96880859375","84.65","0","2.35294117647059","0","0","0","0","0","0","3.75",".6435",".624",".585",".546",".6435",".663","18.1411261347766","5",".999755859375","1.81953125","1733.6328125","1733.59765625","530","530",".7",".12","127.443609022556","129.581766917293","16.2359022556391","15.8364661654135"
"15272","871.5","993.75","993.7890625","1013.75","0","3.91330078125","84.65","0","2.74509803921569","0","0","0","0","0","0","3",".6435",".6435",".5655",".546",".663",".6435","17.8498583884328","5",".999755859375","1.80625","1733.6328125","1733.59765625","530","530",".705",".27","127.443609022556","129.581766917293","16.1654135338346","15.7894736842105"
"15342","863","993.75","993.7890625","1013.0859375","0","3.885546875","84.65","0","2.35294117647059","0","0","0","0","0","0","4.5",".6435",".6435",".5655",".546",".663",".6435","17.5003370928203","5",".999755859375","1.79828125","1733.6328125","1733.59765625","530","530",".71",".645","127.443609022556","129.581766917293","16.2124060150376","15.625"
"15412","858","995","993.7890625","1012.578125","0","3.96880859375","84.65","0","2.35294117647059","0","0","0","0","0","0","5.25",".624",".6435",".585",".5655",".663",".624","17.1993604215984","5",".999755859375","1.8115625","1733.6328125","1733.59765625","530","530",".705",".67","127.443609022556","129.581766917293","16.2593984962406","15.6954887218045"
"15482","856.5","993.75","993.7890625","1011.40625","0","3.8300390625","83.3","0","2.35294117647059","0","0","0","0","0","0","5.25",".6435",".663",".6045",".546",".6825",".624","16.7284775650094","5",".999755859375","1.8009375","1733.6328125","1733.59765625","530","530",".71",".685","127.443609022556","129.581766917293","16.2828947368421","15.6954887218045"
"15552","855.5","993.75","993.7890625","1013.359375","0","3.69126953125","83.3","0","2.35294117647059","0","0","0","0","0","0","5.25",".6435",".663",".6045",".546",".6825",".624","16.4614821308609","5",".999755859375","1.78234375","1733.6328125","1733.59765625","530","530",".68",".69","127.443609022556","129.581766917293","16.2828947368421","15.484022556391"
"15622","855.75","993.75","993.7890625","1012.3828125","0","3.885546875","83.3","0","2.35294117647059","0","0","0","0","0","0","6",".624",".6435",".6045",".546",".702",".6045","16.1265242225656","5",".999755859375","1.785","1733.6328125","1733.59765625","530","530",".65",".695","127.443609022556","129.581766917293","16.3063909774436","15.390037593985"
"15692","854.75","995","993.7890625","1011.875","0","3.80228515625","84.65","0","2.35294117647059","0","0","0","0","0","0","6",".624",".624",".624",".5265",".702",".585","15.8643832508563","4",".999755859375","1.785","1733.6328125","1733.59765625","525","525",".315",".675","127.443609022556","129.746240601504","16.3298872180451","15.5075187969925"
"15762","854.25","995","993.7890625","1013.0078125","0","3.80228515625","84.65","0","2.35294117647059","0","0","0","0","0","0","6",".624",".624",".624",".5265",".702",".585","15.4468994810969","4",".999755859375","1.78234375","1733.6328125","1733.59765625","525","525",".115",".64","127.443609022556","129.746240601504","16.3298872180451","15.484022556391"
"15833","842.5","993.75","993.7890625","1012.4609375","0","3.8300390625","84.65","0","2.35294117647059","0","0","0","0","0","0","8.25",".6045",".624",".6045",".546",".702",".6045","15.2090308215828","4",".999755859375","1.785","1733.6328125","1733.59765625","525","525",".09",".455","127.443609022556","129.746240601504","16.3533834586466","15.3195488721805"
"15903","847.75","995","993.828125","1013.3203125","0","3.74677734375","84.65","0","2.35294117647059","0","0","0","0","0","0","8.25",".6045",".6045",".6045",".5265",".6825",".6045","14.9129086128","4",".999755859375","1.80625","1733.6328125","1733.59765625","525","525",".08",".13","127.443609022556","129.581766917293","16.3768796992481","15.390037593985"
"15973","847.5","995","993.828125","1013.28125","0","3.885546875","84.65","0","2.35294117647059","0","0","0","0","0","0","7.5",".6045",".624",".624",".5265",".702",".585","14.679894415725","4",".999755859375","1.82484375","1733.6328125","1733.59765625","525","525",".075",".1","127.443609022556","129.581766917293","16.4003759398496","15.5545112781955"
"16043","848.75","995","993.828125","1013.7109375","0","3.885546875","84.65","0","2.35294117647059","0","0","0","0","0","0","7.5",".6045",".624",".624",".5265",".702",".585","14.2769740332828","4",".999755859375","1.83015625","1733.6328125","1733.59765625","525","525",".075",".09","127.443609022556","129.581766917293","16.4473684210526","15.6015037593985"
"16113","858","993.75","993.828125","1012.4609375","0","3.96880859375","84.65","0","2.35294117647059","0","0","0","0","0","0","6.75",".624",".624",".6435",".507",".702",".5655","14.0148330615734","4",".999755859375","1.84875","1733.6328125","1733.59765625","525","525",".075",".085","127.443609022556","129.581766917293","16.5413533834586","15.765977443609"
"16183","856","995","993.828125","1013.0078125","0","3.8300390625","84.65","0","2.35294117647059","0","0","0","0","0","0","6",".6045",".6435",".663",".4875",".7215",".5655","13.7235653152297","4",".999755859375","1.8434375","1733.6328125","1733.59765625","525","525",".085",".085","127.443609022556","129.581766917293","16.5413533834586","15.812969924812"
"16253","857.25","995","993.828125","1011.2890625","0","3.80228515625","84.65","0","2.35294117647059","0","0","0","0","0","0","6",".6045",".6435",".663",".4875",".7215",".5655","13.4954055805938","4",".999755859375","1.84875","1733.6328125","1733.59765625","525","525",".08",".08","127.443609022556","129.581766917293","16.5413533834586","15.6954887218045"
"16323","858.5","995","993.8671875","1013.3984375","0","3.8300390625","84.65","0","2.35294117647059","0","0","0","0","0","0","6",".585",".624",".663",".4875",".741",".585","13.126466435225","4",".999755859375","1.83546875","1733.6328125","1733.59765625","525","525",".115",".08","127.443609022556","129.581766917293","16.5648496240602","15.625"
"16393","859.5","995","993.8671875","1011.796875","0","3.85779296875","84.65","0","2.35294117647059","0","0","0","0","0","0","6.75",".585",".6045",".6825",".507",".741",".5655","12.8109263766859","3",".999755859375","1.83546875","1733.6328125","1733.59765625","525","525",".395",".085","127.443609022556","129.581766917293","16.5648496240602","15.437030075188"
"16463","864.25","995","993.8671875","1012.4609375","0","3.96880859375","84.65","0","2.35294117647059","0","0","0","0","0","0","6",".585",".6045",".6825",".507",".741",".5655","12.4759684683906","3",".999755859375","1.816875","1733.6328125","1733.59765625","525","525",".63",".09","127.443609022556","129.581766917293","16.4943609022556","15.6484962406015"
"16534","865.75","993.75","993.8671875","1013.75","0","3.5525","84.65","0","2.35294117647059","0","0","0","0","0","0","5.25",".6045",".6045",".663",".5265",".741",".585","12.27208104595","3",".999755859375","1.77703125","1733.6328125","1733.59765625","525","525",".635",".095","127.443609022556","129.581766917293","16.4473684210526","15.3665413533835"
"16604","867.25","993.75","993.8671875","1012.3828125","0","3.8300390625","84.65","0","2.35294117647059","0","0","0","0","0","0","6",".624",".585",".663",".507",".7215",".585","11.9565409874109","3",".999755859375","1.78765625","1733.6328125","1733.59765625","525","525",".665",".105","127.443609022556","129.581766917293","16.4238721804511","15.2255639097744"
"16674","867.25","993.75","993.8671875","1013.671875","0","3.69126953125","84.65","0","2.74509803921569","0","0","0","0","0","0","6",".624",".6045",".6435",".507",".702",".6045","11.7235267903359","3",".999755859375","1.774375","1733.6328125","1733.59765625","525","525",".66",".11","127.443609022556","129.581766917293","16.3768796992481","15.2020676691729"
"16744","867","993.75","993.8671875","1011.2109375","0","3.85779296875","84.65","0","2.74509803921569","0","0","0","0","0","0","6",".624",".6045",".6435",".507",".702",".6045","11.3254608703328","3",".999755859375","1.7903125","1733.6328125","1733.59765625","525","525",".695",".115","127.443609022556","129.581766917293","16.3768796992481","15.2960526315789"
"16814","856.75","995","993.8671875","1012.265625","0","3.9965625","84.65","0","2.74509803921569","0","0","0","0","0","0","6.75",".6435",".624",".624",".5265",".702",".585","11.0341931239891","3",".999755859375","1.795625","1733.6328125","1733.59765625","525","525",".655",".13","127.443609022556","129.581766917293","16.4238721804511","15.3665413533835"
"16884","859","993.75","993.8671875","1013.203125","0","4.02431640625","84.65","0","2.74509803921569","0","0","0","0","0","0","6",".624",".624",".6045",".507",".6825",".585","10.7040896781328","3",".999755859375","1.80890625","1733.6328125","1733.59765625","520","520",".66",".14","127.443609022556","129.581766917293","16.4238721804511","15.5545112781955"
"16954","860.25","993.75","993.8671875","1012.578125","0","3.7190234375","84.65","0","2.74509803921569","0","0","0","0","0","0","6",".624",".624",".6045",".507",".6825",".585","10.4710754810578","2",".999755859375","1.7903125","1733.6328125","1733.59765625","520","520",".54",".135","127.443609022556","129.581766917293","16.3768796992481","15.5075187969925"
"17024","863.75","995","993.90625","1011.7578125","0","4.02431640625","84.65","0","2.74509803921569","0","0","0","0","0","0","5.25",".6045",".6435",".6045",".507",".663",".6045","10.1506809600797","2",".999755859375","1.8009375","1733.6328125","1733.59765625","520","520",".105",".12","127.443609022556","129.581766917293","16.3533834586466","15.6015037593985"
"17094","861.5","993.75","993.90625","1011.796875","0","4.0520703125","84.65","0","2.74509803921569","0","0","0","0","0","0","5.25",".6045",".624",".624",".507",".6825",".585","9.90795783812656","2",".999755859375","1.8115625","1733.6328125","1733.59765625","520","520",".075",".115","127.443609022556","129.581766917293","16.3533834586466","15.765977443609"
"17164","858.75","993.75","993.90625","1012.2265625","0","3.9965625","84.65","0","2.74509803921569","0","0","0","0","0","0","5.25",".6045",".624",".624",".507",".6825",".585","9.64581686641719","2",".999755859375","1.84875","1733.6328125","1733.59765625","520","520",".08",".11","127.443609022556","129.581766917293","16.4003759398496","15.859962406015"
"17235","865.5","995","993.90625","1011.8359375","0","3.885546875","84.65","0","2.74509803921569","0","0","0","0","0","0","3.75",".585",".624",".6435",".4875",".6825",".6045","9.2817321834875","2",".999755859375","1.84609375","1733.6328125","1733.59765625","520","520",".075",".11","127.443609022556","129.581766917293","16.3298872180451","15.9774436090226"
"17305","866.75","995","993.90625","1011.640625","0","3.8300390625","84.65","0","2.74509803921569","0","0","0","0","0","0","3.75",".6045",".6045",".6435",".507",".702",".6045","9.05357244885156","2",".999755859375","1.83546875","1733.6328125","1733.59765625","520","520",".08",".11","127.443609022556","129.581766917293","16.2593984962406","15.718984962406"
"17375","869.5","995","993.90625","1011.5625","0","3.885546875","84.65","0","2.74509803921569","0","0","0","0","0","0","3.75",".6045",".6045",".6435",".507",".702",".6045","8.79143147714219","2",".999755859375","1.83546875","1733.6328125","1733.59765625","520","520",".075",".115","127.443609022556","129.581766917293","16.2124060150376","15.6954887218045"
"17445","868.75","993.75","993.90625","1012.9296875","0","3.885546875","84.65","0","2.74509803921569","0","0","0","0","0","0","3.75",".624",".624",".624",".507",".6825",".624","8.61667082933594","2",".999755859375","1.838125","1733.6328125","1733.59765625","520","520",".075",".21","127.443609022556","129.581766917293","16.1654135338346","15.671992481203"
"17515","863.75","995","993.90625","1012.734375","0","3.96880859375","84.65","0","2.74509803921569","0","0","0","0","0","0","4.5",".624",".6435",".6045",".5265",".6825",".6045","8.39336555713906","2",".999755859375","1.84078125","1733.6328125","1733.59765625","520","520",".075",".675","127.443609022556","129.581766917293","16.2124060150376","15.578007518797"
"17585","859.75","995","993.90625","1013.0859375","0","3.85779296875","84.65","0","2.74509803921569","0","0","0","0","0","0","5.25",".6045",".6435",".585",".546",".663",".6045","8.20889598445469","2",".999755859375","1.83015625","1733.6328125","1733.59765625","520","520",".11",".7","127.443609022556","129.581766917293","16.2359022556391","15.5075187969925"
"17655","855.75","995","993.9453125","1011.71875","0","3.9410546875","84.65","0","2.74509803921569","0","0","0","0","0","0","5.25",".6045",".6435",".585",".546",".663",".6045","7.98073624981875","2",".999755859375","1.838125","1733.6328125","1733.59765625","520","520",".105",".7","127.443609022556","129.581766917293","16.2359022556391","15.578007518797"
"17725","856.25","993.75","993.9453125","1011.640625","0","3.8300390625","84.65","0","2.74509803921569","0","0","0","0","0","0","5.25",".585",".663",".585",".5655",".6435",".585","7.7671399025","2",".999755859375","1.83546875","1733.6328125","1733.59765625","520","520",".125",".69","127.443609022556","129.581766917293","16.2593984962406","15.531015037594"
"17795","851","993.75","993.9453125","1013.75","0","3.80228515625","84.65","0","2.74509803921569","0","0","0","0","0","0","6",".585",".6825",".585",".5655",".624",".585","7.48558108103438","2",".999755859375","1.8275","1733.6328125","1733.59765625","520","520",".1",".665","127.443609022556","129.581766917293","16.2593984962406","15.4135338345865"
"17865","848","993.75","993.9453125","1013.7109375","0","3.85779296875","84.65","0","2.74509803921569","0","0","0","0","0","0","7.5",".585",".6825",".585",".5655",".624",".585","7.30111150835","2",".999755859375","1.81953125","1733.6328125","1733.59765625","520","520",".095",".6","127.443609022556","129.581766917293","16.2359022556391","15.3195488721805"
"17936","849.5","993.75","993.9453125","1013.0859375","0","3.96880859375","84.65","0","2.74509803921569","0","0","0","0","0","0","6.75",".5655",".6825",".5655",".585",".624",".5655","7.08266069859219","2",".999755859375","1.85140625","1733.6328125","1733.59765625","520","520",".08",".235","127.443609022556","129.581766917293","16.3768796992481","15.578007518797"
"18006","847.5","993.75","993.9453125","1012.2265625","0","3.9410546875","84.65","0","2.74509803921569","0","0","0","0","0","0","6.75",".585",".6825",".5655",".6045",".6045",".5655","6.94673575029844","2",".999755859375","1.8540625","1733.6328125","1733.59765625","520","520",".095",".1","127.443609022556","129.581766917293","16.3063909774436","15.6954887218045"
"18076","848.75","993.75","993.9453125","1013.515625","0","3.80228515625","84.65","0","2.74509803921569","0","0","0","0","0","0","6.75",".585",".6825",".5655",".6045",".6045",".5655","6.77682956493125","2",".999755859375","1.84078125","1733.6328125","1733.59765625","515","515",".085",".09","127.443609022556","129.581766917293","16.3533834586466","15.6954887218045"
"18146","860.25","993.75","993.90625","1013.6328125","0","3.8300390625","84.65","0","2.74509803921569","0","0","0","0","0","0","5.25",".6045",".702",".546",".6045",".585",".585","6.62634122932031","2",".999755859375","1.84078125","1733.6328125","1733.59765625","515","515",".09",".09","127.443609022556","129.581766917293","16.4003759398496","15.718984962406"
"18216","860","995","993.9453125","1013.4375","0","3.69126953125","84.65","0","2.74509803921569","0","0","0","0","0","0","5.25",".6045",".7215",".5655",".624",".585",".5655","6.42730826931875","2",".999755859375","1.8275","1733.6328125","1733.59765625","515","515",".085",".085","127.443609022556","129.581766917293","16.3768796992481","15.625"
"18286","868","995","993.9453125","1012.890625","0","3.663515625","84.65","0","2.74509803921569","0","0","0","0","0","0","5.25",".585",".7215",".585",".6045",".6045",".5655","6.291383321025","2",".999755859375","1.8221875","1733.6328125","1733.59765625","515","515",".1",".085","127.443609022556","129.581766917293","16.3298872180451","15.390037593985"
"18356","870.25","995","993.9453125","1012.3046875","0","3.9965625","84.65","0","2.74509803921569","0","0","0","0","0","0","5.25",".585",".7215",".585",".6045",".6045",".5655","6.11662267321875","2",".999755859375","1.838125","1733.6328125","1733.59765625","515","515",".09",".085","127.443609022556","129.581766917293","16.2828947368421","15.4135338345865"
"18426","867","993.75","993.9453125","1013.7109375","0","3.80228515625","84.65","0","2.74509803921569","0","0","0","0","0","0","5.25",".5655",".702",".585",".585",".624",".546","5.95157095029063","2",".999755859375","1.81953125","1733.6328125","1733.59765625","515","515",".11",".09","127.443609022556","129.581766917293","16.2593984962406","15.3195488721805"
"18496","865.5","993.75","993.9453125","1012.7734375","0","3.58025390625","84.65","0","2.74509803921569","0","0","0","0","0","0","6",".5655",".6825",".6045",".585",".6435",".5265","5.74768352785","2",".999755859375","1.7903125","1733.6328125","1733.59765625","515","515",".095",".095","127.443609022556","129.581766917293","16.2593984962406","15.0610902255639"
"18567","861.75","993.75","993.9453125","1012.9296875","0","3.9410546875","84.65","0","2.74509803921569","0","0","0","0","0","0","6.75",".5655",".6825",".6045",".585",".6435",".5265","5.60690411711719","2",".999755859375","1.8275","1733.6328125","1733.59765625","515","515",".105",".1","127.443609022556","129.581766917293","16.2828947368421","15.0845864661654"
"18637","855.75","993.75","993.9453125","1011.3671875","0","4.0520703125","84.65","0","2.74509803921569","0","0","0","0","0","0","6",".585",".6825",".585",".5655",".6435",".546","5.43699793175","2",".999755859375","1.87","1733.6328125","1733.59765625","515","515",".09",".1","127.443609022556","129.581766917293","16.3063909774436","15.6015037593985"
"18707","855","995","993.9453125","1013.4375","0","4.0520703125","84.65","0","2.74509803921569","0","0","0","0","0","0","5.25",".6045",".663",".5655",".546",".624",".546","5.33019975809063","2",".999755859375","1.8753125","1733.6328125","1733.59765625","515","515",".095",".095","127.443609022556","129.581766917293","16.3298872180451","15.7894736842105"
"18777","861.25","995","993.9453125","1013.359375","0","4.0520703125","84.65","0","2.74509803921569","0","0","0","0","0","0","3.75",".6045",".663",".5655",".546",".624",".546","5.19427480979687","1",".999755859375","1.8859375","1733.6328125","1733.59765625","515","515",".075",".095","127.443609022556","129.581766917293","16.2828947368421","15.9774436090226"
"18847","866.75","995","993.984375","1012.578125","0","4.02431640625","84.65","0","2.74509803921569","0","0","0","0","0","0","3",".624",".6435",".5655",".546",".6045",".5655","5.07776771125938","1",".999755859375","1.89125","1733.6328125","1733.59765625","515","515",".08",".09","127.443609022556","129.581766917293","16.2359022556391","16.0479323308271"
"18917","860.75","993.75","993.9453125","1011.7578125","0","3.96880859375","84.65","0","2.74509803921569","0","0","0","0","0","0","3.75",".624",".663",".585",".5265",".6045",".585","4.95640615028281","1",".999755859375","1.9071875","1733.6328125","1733.59765625","515","515",".08",".09","127.443609022556","129.581766917293","16.1654135338346","16.0479323308271"
"18987","863.5","993.75","993.9453125","1013.75","0","4.02431640625","84.65","0","2.74509803921569","0","0","0","0","0","0","3",".6045",".663",".5655",".546",".585",".6045","4.84960797662344","1",".999755859375","1.880625","1733.6328125","1733.59765625","515","515",".09",".1","127.443609022556","129.581766917293","16.1889097744361","15.9774436090226"
"19057","859","993.75","993.9453125","1013.0078125","0","3.96880859375","84.65","0","2.74509803921569","0","0","0","0","0","0","3.75",".6045",".663",".5655",".546",".585",".6045","4.70882856589063","1",".999755859375","1.880625","1733.6328125","1733.59765625","515","515",".09",".11","127.443609022556","129.581766917293","16.2359022556391","15.9539473684211"
"19127","858.5","993.75","993.9453125","1013.046875","0","3.80228515625","84.65","0","2.74509803921569","0","0","0","0","0","0","4.5",".585",".6825",".5655",".5655",".5655",".6045","4.60688485467031","1",".999755859375","1.859375","1733.6328125","1733.59765625","515","515",".155",".225","127.443609022556","129.581766917293","16.2124060150376","15.7424812030075"
"19197","864.25","993.75","993.9453125","1013.359375","0","3.885546875","84.65","0","2.74509803921569","0","0","0","0","0","0","3.75",".585",".6825",".546",".5655",".585",".624","4.4661054439375","1",".999755859375","1.8275","1733.6328125","1733.59765625","515","515",".61",".68","127.443609022556","129.581766917293","16.1654135338346","15.6015037593985"
"19268","865.25","993.75","993.9453125","1012.5","0","4.02431640625","84.65","0","2.74509803921569","0","0","0","0","0","0","3.75",".585",".6825",".546",".5655",".585",".624","4.36416173271719","1",".999755859375","1.84875","1733.6328125","1733.59765625","515","515",".68",".71","127.443609022556","129.581766917293","16.1184210526316","15.7424812030075"
"19338","853.75","993.75","993.9453125","1012.96875","0","3.885546875","84.65","0","2.74509803921569","0","0","0","0","0","0","4.5",".6045",".6825",".5655",".585",".585",".6045","4.21367339710625","1",".999755859375","1.83546875","1733.6328125","1733.59765625","515","515",".67",".72","127.443609022556","129.581766917293","16.1654135338346","15.671992481203"
"19408","861.75","995","993.984375","1011.6796875","0","3.80228515625","84.65","0","2.74509803921569","0","0","0","0","0","0","3.75",".585",".6825",".585",".5655",".6045",".6045","4.10202076100781","1",".999755859375","1.83546875","1733.6328125","1733.59765625","515","515",".665",".72","127.443609022556","129.581766917293","16.0949248120301","15.7424812030075"
"19478","861","995","993.984375","1012.890625","0","3.77453125","84.65","0","2.74509803921569","0","0","0","0","0","0","3.75",".585",".6825",".585",".5655",".6045",".6045","4.01949489954375","1",".999755859375","1.8115625","1733.6328125","1733.59765625","510","510",".645",".71","127.443609022556","129.581766917293","16.1184210526316","15.531015037594"
"19548","864.5","993.75","993.9453125","1013.0859375","0","3.85779296875","84.65","0","2.74509803921569","0","0","0","0","0","0","4.5",".6045",".663",".585",".5655",".585",".624","3.8447342517375","1",".999755859375","1.8221875","1733.6328125","1733.59765625","510","510",".65",".69","127.443609022556","129.581766917293","16.0479323308271","15.437030075188"
"19618","855.75","993.75","993.9453125","1013.4375","0","3.80228515625","84.65","0","2.74509803921569","0","0","0","0","0","0","6.75",".6045",".6825",".5655",".546",".6045",".6435","3.75249946539531","1",".999755859375","1.80625","1733.6328125","1733.59765625","510","510",".615",".66","127.443609022556","129.581766917293","16.1184210526316","15.343045112782"
"19688","847.25","993.75","993.9453125","1012.265625","0","3.85779296875","84.65","0","2.74509803921569","0","0","0","0","0","0","6.75",".6045",".6825",".5655",".546",".6045",".6435","3.62142897954063","1",".999755859375","1.81953125","1733.6328125","1733.59765625","510","510",".17",".64","127.443609022556","129.581766917293","16.0949248120301","15.390037593985"
"19758","843.5","995","993.984375","1013.75","0","3.77453125","84.65","0","2.74509803921569","0","0","0","0","0","0","7.5",".624",".6825",".585",".5265",".6045",".663","3.54375758051563","1",".999755859375","1.8009375","1733.6328125","1733.59765625","510","510",".085",".62","127.443609022556","129.581766917293","16.2593984962406","15.3665413533835"
"19828","842.75","993.75","993.984375","1013.75","0","3.96880859375","84.65","0","2.74509803921569","0","0","0","0","0","0","-1.5",".6435",".663",".585",".507",".6045",".663","3.45152279417344","1",".999755859375","1.85140625","1733.6328125","1733.59765625","510","510",".085",".265","127.443609022556","129.581766917293","16.5413533834586","15.531015037594"
"19898","827.5","995","993.984375","1011.5625","0","3.80228515625","84.65","0","2.74509803921569","0","0","0","0","0","0","12",".6435",".6435",".6045",".507",".624",".6825","3.35928800783125","1",".999755859375","1.84875","1733.6328125","1733.59765625","510","510",".075",".105","127.443609022556","129.581766917293","17.0347744360902","15.5545112781955"
"19969","826.75","995","993.984375","1011.71875","0","3.85779296875","84.65","0","2.74509803921569","0","0","0","0","0","0","12",".6435",".6435",".6045",".507",".624",".6825","3.27676214636719","1",".999755859375","1.8859375","1733.6328125","1733.59765625","510","510",".075",".095","127.443609022556","129.581766917293","16.7293233082707","15.859962406015"
